,geo,name,time,UNHCR refugees by country of residence,Asylum-seekers by country of residence,Other people in need of international protection,UNHCR total refugees by country of residence ,Internally displaced persons,UNHCR total displaced people  by country of residence,UNHCR refugees by country of origin,Asylum-seekers by country of origin,UNHCR total refugees by country of origin,UNHCR total displaced people by country of origin
0,afg,Afghanistan,1979,0,0,0,0,0,0,500000,0,500000,500000
1,afg,Afghanistan,1980,0,0,0,0,0,0,1734921,0,1734921,1734921
2,afg,Afghanistan,1981,0,0,0,0,0,0,3879984,0,3879984,3879984
3,afg,Afghanistan,1982,0,0,0,0,0,0,4488214,0,4488214,4488214
4,afg,Afghanistan,1983,0,0,0,0,0,0,4712735,0,4712735,4712735
5,afg,Afghanistan,1984,0,0,0,0,0,0,4417651,0,4417651,4417651
6,afg,Afghanistan,1985,0,0,0,0,0,0,4653193,0,4653193,4653193
7,afg,Afghanistan,1986,0,0,0,0,0,0,5094283,0,5094283,5094283
8,afg,Afghanistan,1987,0,0,0,0,0,0,5511740,0,5511740,5511740
9,afg,Afghanistan,1988,0,0,0,0,0,0,5622982,0,5622982,5622982
10,afg,Afghanistan,1989,0,0,0,0,0,0,5643989,0,5643989,5643989
11,afg,Afghanistan,1990,50,0,0,50,0,50,6339095,0,6339095,6339095
12,afg,Afghanistan,1991,38,0,0,38,0,38,6306301,0,6306301,6306301
13,afg,Afghanistan,1992,60025,0,0,60025,0,60025,4552153,0,4552153,4552153
14,afg,Afghanistan,1993,32131,0,0,32131,15000,47131,3374575,0,3374575,3389575
15,afg,Afghanistan,1994,19134,0,0,19134,332200,351334,2731166,0,2731166,3063366
16,afg,Afghanistan,1995,19605,0,0,19605,159600,179205,2679132,0,2679132,2838732
17,afg,Afghanistan,1996,18779,0,0,18779,273840,292619,2674234,0,2674234,2948074
18,afg,Afghanistan,1997,5,0,0,5,296795,296800,2676675,0,2676675,2973470
19,afg,Afghanistan,1998,0,0,0,0,315800,315800,2667118,0,2669290,2985090
20,afg,Afghanistan,1999,0,0,0,0,258625,258625,2601690,0,2701690,2960315
21,afg,Afghanistan,2000,0,0,0,0,758625,758625,3587327,40290,3727663,4486288
22,afg,Afghanistan,2001,10,0,0,10,1200000,1200010,3809763,30782,3940545,5140545
23,afg,Afghanistan,2002,0,18,0,18,665156,665174,2510294,26687,2636993,3302149
24,afg,Afghanistan,2003,24,71,0,95,184269,184364,2136039,26308,2262347,2446616
25,afg,Afghanistan,2004,31,28,0,59,159549,159608,2414460,16983,2531505,2691054
26,afg,Afghanistan,2005,31,12,0,43,142505,142548,2166139,14023,2280518,2423023
27,afg,Afghanistan,2006,34,5,0,39,129310,129349,2107510,14959,2222841,2352151
28,afg,Afghanistan,2007,43,0,0,43,153718,153761,3057655,16077,3074143,3227861
29,afg,Afghanistan,2008,37,10,0,47,230670,230717,2833116,23177,2858394,3089064
30,afg,Afghanistan,2009,36,14,0,50,297129,297179,2887114,30406,2918999,3216128
31,afg,Afghanistan,2010,6434,30,838250,844714,351907,1196621,3054699,37101,3931123,4283030
32,afg,Afghanistan,2011,3011,52,951167,954230,447547,1401777,2664423,39199,3656153,4103700
33,afg,Afghanistan,2012,16184,49,879376,895609,486298,1381907,2586132,62304,3528904,4015202
34,afg,Afghanistan,2013,16861,61,275486,292408,631286,923694,2556483,75284,2907584,3538870
35,afg,Afghanistan,2014,300421,59,201284,501764,805409,1307173,2596259,85407,2883027,3688436
36,afg,Afghanistan,2015,257553,78,150317,407948,1174306,1582254,2666294,258862,3075525,4249831
37,afg,Afghanistan,2016,59770,123,114221,174114,1797551,1971665,2501447,369072,2984740,4782291
38,afg,Afghanistan,2017,75927,215,448032,524174,1837079,2361253,2624265,333986,3406291,5243370
39,afg,Afghanistan,2018,72228,281,489854,562363,2106893,2669256,2681267,310107,3481233,5588126
40,afg,Afghanistan,2019,72227,247,447093,519567,2553390,3072957,2727556,251047,3429278,5982668
41,afg,Afghanistan,2020,72278,167,82595,155040,2886317,3041357,2594827,238791,2921117,5807434
42,afg,Afghanistan,2021,66949,251,82742,149942,3457744,3607686,2712869,262860,3069556,6527300
43,afg,Afghanistan,2022,52159,218,88903,141280,3254002,3395282,5661717,294493,6046873,9300875
44,afg,Afghanistan,2023,34826,250,33712,68788,3222397,3291185,6403144,296033,6733711,9956108
45,afg,Afghanistan,2024,20866,370,72886,94122,3199710,3293832,5766586,384732,7022839,10222549
46,alb,Albania,1964,0,0,0,0,0,0,100,0,100,100
47,alb,Albania,1965,0,0,0,0,0,0,4860,0,4860,4860
48,alb,Albania,1966,0,0,0,0,0,0,4860,0,4860,4860
49,alb,Albania,1967,0,0,0,0,0,0,4260,0,4260,4260
50,alb,Albania,1968,0,0,0,0,0,0,4120,0,4120,4120
51,alb,Albania,1969,0,0,0,0,0,0,4290,0,4290,4290
52,alb,Albania,1970,0,0,0,0,0,0,4310,0,4310,4310
53,alb,Albania,1971,0,0,0,0,0,0,390,0,390,390
54,alb,Albania,1972,0,0,0,0,0,0,2300,0,2300,2300
55,alb,Albania,1973,0,0,0,0,0,0,2090,0,2090,2090
56,alb,Albania,1974,0,0,0,0,0,0,380,0,380,380
57,alb,Albania,1975,0,0,0,0,0,0,380,0,380,380
58,alb,Albania,1976,0,0,0,0,0,0,0,0,0,0
59,alb,Albania,1977,0,0,0,0,0,0,2000,0,2000,2000
60,alb,Albania,1978,0,0,0,0,0,0,1980,0,1980,1980
61,alb,Albania,1979,0,0,0,0,0,0,1610,0,1610,1610
62,alb,Albania,1980,0,0,0,0,0,0,1681,0,1681,1681
63,alb,Albania,1981,0,0,0,0,0,0,1680,0,1680,1680
64,alb,Albania,1982,0,0,0,0,0,0,1645,0,1645,1645
65,alb,Albania,1983,0,0,0,0,0,0,1610,0,1610,1610
66,alb,Albania,1984,0,0,0,0,0,0,1576,0,1576,1576
67,alb,Albania,1985,0,0,0,0,0,0,1587,0,1587,1587
68,alb,Albania,1986,0,0,0,0,0,0,90,0,90,90
69,alb,Albania,1987,0,0,0,0,0,0,129,0,129,129
70,alb,Albania,1988,0,0,0,0,0,0,358,0,358,358
71,alb,Albania,1989,0,0,0,0,0,0,367,0,367,367
72,alb,Albania,1990,0,0,0,0,0,0,1822,0,1822,1822
73,alb,Albania,1991,0,0,0,0,0,0,3542,0,3542,3542
74,alb,Albania,1992,3000,0,0,3000,0,3000,4355,0,4355,4355
75,alb,Albania,1993,3000,0,0,3000,0,3000,4747,0,4747,4747
76,alb,Albania,1994,3000,0,0,3000,0,3000,5021,0,5021,5021
77,alb,Albania,1995,4721,0,0,4721,0,4721,5804,0,5804,5804
78,alb,Albania,1996,4927,0,0,4927,0,4927,5784,0,5784,5784
79,alb,Albania,1997,34,0,0,34,0,34,5381,0,5381,5381
80,alb,Albania,1998,22334,0,0,22334,0,22334,5353,0,5353,5353
81,alb,Albania,1999,3932,0,0,3932,0,3932,6286,0,6286,6286
82,alb,Albania,2000,521,5,0,526,0,526,6801,2817,9618,9618
83,alb,Albania,2001,291,71,0,362,0,362,7627,3974,11601,11601
84,alb,Albania,2002,18,46,0,64,0,64,10758,4986,15744,15744
85,alb,Albania,2003,24,86,0,110,0,110,10382,4526,14908,14908
86,alb,Albania,2004,49,30,0,79,0,79,10474,3319,13793,13793
87,alb,Albania,2005,53,32,0,85,0,85,12718,2572,15290,15290
88,alb,Albania,2006,56,27,0,83,0,83,14079,2279,16358,16358
89,alb,Albania,2007,68,16,0,84,0,84,15335,1645,16980,16980
90,alb,Albania,2008,57,20,0,77,0,77,15007,1814,16821,16821
91,alb,Albania,2009,69,19,0,88,0,88,15707,1586,17293,17293
92,alb,Albania,2010,75,20,0,95,0,95,14771,1350,16157,16157
93,alb,Albania,2011,79,26,0,105,0,105,13552,2193,16358,16358
94,alb,Albania,2012,84,28,0,112,0,112,12569,3722,17074,17074
95,alb,Albania,2013,96,228,0,324,0,324,10104,9771,20888,20888
96,alb,Albania,2014,111,482,0,593,0,593,10156,15098,25254,25254
97,alb,Albania,2015,109,830,0,939,0,939,10404,42155,52559,52559
98,alb,Albania,2016,141,2750,0,2891,0,2891,11060,23760,34820,34820
99,alb,Albania,2017,124,32,2719,2875,0,2875,12168,18761,30929,30929
100,alb,Albania,2018,132,159,76,367,0,367,13512,21071,34583,34583
101,alb,Albania,2019,120,5,153,278,0,278,15027,19007,34034,34034
102,alb,Albania,2020,105,0,10,115,0,115,15523,17628,33151,33151
103,alb,Albania,2021,109,6,13,128,0,128,19847,22331,42178,42178
104,alb,Albania,2022,2676,5,8,2689,0,2689,20865,34406,55271,55271
105,alb,Albania,2023,5079,8,6,5093,0,5093,21919,17539,39458,39458
106,alb,Albania,2024,9381,0,0,9381,0,9381,21875,11498,33373,33373
107,dza,Algeria,1970,500,0,0,500,0,500,0,0,0,0
108,dza,Algeria,1971,0,0,0,0,0,0,0,0,0,0
109,dza,Algeria,1972,0,0,0,0,0,0,0,0,0,0
110,dza,Algeria,1973,0,0,0,0,0,0,0,0,0,0
111,dza,Algeria,1974,0,0,0,0,0,0,0,0,0,0
112,dza,Algeria,1975,21000,0,0,21000,0,21000,0,0,0,0
113,dza,Algeria,1976,39580,0,0,39580,0,39580,0,0,0,0
114,dza,Algeria,1977,52000,0,0,52000,0,52000,0,0,0,0
115,dza,Algeria,1978,52000,0,0,52000,0,52000,0,0,0,0
116,dza,Algeria,1979,52000,0,0,52000,0,52000,0,0,0,0
117,dza,Algeria,1980,52000,0,0,52000,0,52000,0,0,0,0
118,dza,Algeria,1981,167000,0,0,167000,0,167000,5,0,5,5
119,dza,Algeria,1982,167000,0,0,167000,0,167000,5,0,5,5
120,dza,Algeria,1983,167000,0,0,167000,0,167000,5,0,5,5
121,dza,Algeria,1984,167000,0,0,167000,0,167000,5,0,5,5
122,dza,Algeria,1985,174160,0,0,174160,0,174160,5,0,5,5
123,dza,Algeria,1986,167220,0,0,167220,0,167220,0,0,0,0
124,dza,Algeria,1987,167000,0,0,167000,0,167000,0,0,0,0
125,dza,Algeria,1988,170000,0,0,170000,0,170000,5,0,5,5
126,dza,Algeria,1989,169103,0,0,169103,0,169103,5,0,5,5
127,dza,Algeria,1990,169110,0,0,169110,0,169110,18,0,18,18
128,dza,Algeria,1991,169124,0,0,169124,0,169124,55,0,55,55
129,dza,Algeria,1992,219314,0,0,219314,0,219314,69,0,69,69
130,dza,Algeria,1993,219067,0,0,219067,0,219067,84,0,84,84
131,dza,Algeria,1994,219073,0,0,219073,0,219073,20744,0,20744,20744
132,dza,Algeria,1995,192489,0,0,192489,0,192489,1522,0,1522,1522
133,dza,Algeria,1996,190267,0,0,190267,0,190267,2245,0,2245,2245
134,dza,Algeria,1997,170736,0,0,170736,0,170736,3409,0,3409,3409
135,dza,Algeria,1998,165226,0,70,165296,0,165296,5717,0,5727,5727
136,dza,Algeria,1999,165249,0,0,165249,0,165249,7140,0,7140,7140
137,dza,Algeria,2000,169654,309,0,169963,0,169963,8015,2320,10335,10335
138,dza,Algeria,2001,169417,110,0,169527,0,169527,8399,2746,11145,11145
139,dza,Algeria,2002,169233,0,0,169233,0,169233,12088,2374,14462,14462
140,dza,Algeria,2003,169032,0,0,169032,0,169032,11651,1910,13561,13561
141,dza,Algeria,2004,169053,0,0,169053,0,169053,10650,1335,11985,11985
142,dza,Algeria,2005,94104,299,0,94403,0,94403,12024,1381,13405,13405
143,dza,Algeria,2006,94181,935,0,95116,0,95116,8338,1531,9869,9869
144,dza,Algeria,2007,94137,1587,0,95724,0,95724,10599,1340,11939,11939
145,dza,Algeria,2008,94094,899,0,94993,0,94993,9044,1522,10566,10566
146,dza,Algeria,2009,94136,157,0,94293,0,94293,8168,1537,9705,9705
147,dza,Algeria,2010,94141,300,0,94441,0,94441,6665,1714,8379,8379
148,dza,Algeria,2011,94145,805,0,94950,0,94950,6093,2183,8276,8276
149,dza,Algeria,2012,94130,1722,0,95852,0,95852,5657,2463,8120,8120
150,dza,Algeria,2013,94142,1795,0,95937,0,95937,3643,4286,7939,7939
151,dza,Algeria,2014,94119,4864,0,98983,0,98983,3509,5127,8648,8648
152,dza,Algeria,2015,94176,6573,0,100749,0,100749,3470,7622,11104,11104
153,dza,Algeria,2016,94220,5700,0,99920,0,99920,3705,7177,10889,10889
154,dza,Algeria,2017,94248,6353,0,100601,0,100601,4021,6432,10460,10460
155,dza,Algeria,2018,94341,8910,0,103251,0,103251,4181,7447,11639,11639
156,dza,Algeria,2019,98599,1647,0,100246,0,100246,4514,7703,12324,12324
157,dza,Algeria,2020,97651,2124,0,99775,0,99775,4571,7779,12446,12446
158,dza,Algeria,2021,97890,2130,0,100020,0,100020,6003,6871,12907,12907
159,dza,Algeria,2022,99107,3646,0,102753,0,102753,7734,8923,16764,16764
160,dza,Algeria,2023,98590,3601,0,102191,0,102191,7629,11330,19007,19007
161,dza,Algeria,2024,183368,4838,0,188206,0,188206,8800,13598,22451,22451
162,and,Andorra,2001,0,0,0,0,0,0,0,7,7,7
163,and,Andorra,2002,0,0,0,0,0,0,9,5,14,14
164,and,Andorra,2003,0,0,0,0,0,0,7,5,12,12
165,and,Andorra,2004,0,0,0,0,0,0,0,5,5,5
166,and,Andorra,2005,0,0,0,0,0,0,10,5,15,15
167,and,Andorra,2006,0,0,0,0,0,0,10,0,10,10
168,and,Andorra,2007,0,0,0,0,0,0,10,5,15,15
169,and,Andorra,2008,0,0,0,0,0,0,5,5,10,10
170,and,Andorra,2009,0,0,0,0,0,0,5,0,5,5
171,and,Andorra,2010,0,0,0,0,0,0,5,0,5,5
172,and,Andorra,2011,0,0,0,0,0,0,5,0,5,5
173,and,Andorra,2012,0,0,0,0,0,0,6,0,6,6
174,and,Andorra,2013,0,0,0,0,0,0,5,0,5,5
175,and,Andorra,2014,0,0,0,0,0,0,5,0,5,5
176,and,Andorra,2015,0,0,0,0,0,0,5,5,10,10
177,and,Andorra,2016,0,0,0,0,0,0,0,5,5,5
178,and,Andorra,2017,0,0,0,0,0,0,0,5,5,5
179,and,Andorra,2018,0,0,0,0,0,0,0,0,0,0
180,and,Andorra,2019,0,0,0,0,0,0,0,0,0,0
181,and,Andorra,2020,0,0,0,0,0,0,0,5,5,5
182,and,Andorra,2021,0,0,0,0,0,0,0,5,5,5
183,and,Andorra,2022,0,0,0,0,0,0,5,5,10,10
184,and,Andorra,2023,0,0,0,0,0,0,0,14,14,14
185,and,Andorra,2024,0,0,0,0,0,0,5,16,21,21
186,ago,Angola,1960,0,0,0,0,0,0,150000,0,150000,150000
187,ago,Angola,1961,0,0,0,0,0,0,150000,0,150000,150000
188,ago,Angola,1962,0,0,0,0,0,0,170000,0,170000,170000
189,ago,Angola,1963,0,0,0,0,0,0,175000,0,175000,175000
190,ago,Angola,1964,0,0,0,0,0,0,200000,0,200000,200000
191,ago,Angola,1965,0,0,0,0,0,0,220000,0,220000,220000
192,ago,Angola,1966,0,0,0,0,0,0,303800,0,303800,303800
193,ago,Angola,1967,0,0,0,0,0,0,356200,0,356200,356200
194,ago,Angola,1968,0,0,0,0,0,0,381360,0,381360,381360
195,ago,Angola,1969,0,0,0,0,0,0,408190,0,408190,408190
196,ago,Angola,1970,0,0,0,0,0,0,414120,0,414120,414120
197,ago,Angola,1971,0,0,0,0,0,0,419690,0,419690,419690
198,ago,Angola,1972,0,0,0,0,0,0,421500,0,421500,421500
199,ago,Angola,1973,0,0,0,0,0,0,426550,0,426550,426550
200,ago,Angola,1974,0,0,0,0,0,0,497390,0,497390,497390
201,ago,Angola,1975,0,0,0,0,0,0,501830,0,501830,501830
202,ago,Angola,1976,10000,0,0,10000,0,10000,499190,0,499190,499190
203,ago,Angola,1977,235000,0,0,235000,0,235000,529830,0,529830,529830
204,ago,Angola,1978,141550,0,0,141550,0,141550,646110,0,646110,646110
205,ago,Angola,1979,66000,0,0,66000,0,66000,652980,0,652980,652980
206,ago,Angola,1980,75000,0,0,75000,0,75000,449030,0,449030,449030
207,ago,Angola,1981,91700,0,0,91700,0,91700,457060,0,457060,457060
208,ago,Angola,1982,96280,0,0,96280,0,96280,465890,0,465890,465890
209,ago,Angola,1983,96280,0,0,96280,0,96280,298110,0,298110,298110
210,ago,Angola,1984,92260,0,0,92260,0,92260,357821,0,357821,357821
211,ago,Angola,1985,91520,0,0,91520,0,91520,317392,0,317392,317392
212,ago,Angola,1986,92250,0,0,92250,0,92250,355412,0,355412,355412
213,ago,Angola,1987,91210,0,0,91210,0,91210,391733,0,391733,391733
214,ago,Angola,1988,90350,0,0,90350,0,90350,407566,0,407566,407566
215,ago,Angola,1989,12899,0,0,12899,0,12899,408692,0,408692,408692
216,ago,Angola,1990,11557,0,0,11557,0,11557,407760,0,407760,407760
217,ago,Angola,1991,11022,0,0,11022,0,11022,381638,0,381638,381638
218,ago,Angola,1992,11002,0,0,11002,0,11002,300494,0,300494,300494
219,ago,Angola,1993,10873,0,0,10873,88000,98873,323822,0,323822,411822
220,ago,Angola,1994,10684,0,0,10684,303800,314484,282570,0,282570,586370
221,ago,Angola,1995,10878,0,0,10878,0,10878,246653,0,246653,246653
222,ago,Angola,1996,9379,0,0,9379,0,9379,249686,0,249686,249686
223,ago,Angola,1997,9361,0,0,9361,0,9361,267687,0,267687,267687
224,ago,Angola,1998,10603,0,0,10603,0,10603,319420,0,319428,319428
225,ago,Angola,1999,13068,0,0,13068,0,13068,353472,0,353472,353472
226,ago,Angola,2000,12086,880,0,12966,257508,270474,433756,5489,439410,696918
227,ago,Angola,2001,12245,904,0,13149,202000,215149,470616,9848,480464,682464
228,ago,Angola,2002,12249,925,0,13174,188728,201902,435415,14272,449687,638415
229,ago,Angola,2003,13375,999,0,14374,0,14374,329573,11711,341284,341284
230,ago,Angola,2004,13963,920,0,14883,0,14883,228842,9540,238382,238382
231,ago,Angola,2005,13978,878,0,14856,0,14856,215811,8336,224147,224147
232,ago,Angola,2006,13086,1586,0,14672,0,14672,206482,1577,208059,208059
233,ago,Angola,2007,12064,2918,0,14982,0,14982,186137,788,186925,186925
234,ago,Angola,2008,12704,3179,0,15883,0,15883,171374,734,172108,172108
235,ago,Angola,2009,14722,4228,14479,33429,0,33429,141006,696,156181,156181
236,ago,Angola,2010,15142,4228,0,19370,0,19370,134851,710,135561,135561
237,ago,Angola,2011,16212,3154,0,19366,0,19366,128657,773,129430,129430
238,ago,Angola,2012,23401,20321,0,43722,0,43722,19253,1158,116809,116809
239,ago,Angola,2013,23771,20031,0,43802,0,43802,10274,1442,108502,108502
240,ago,Angola,2014,15468,30200,0,45668,0,45668,9468,1718,75387,75387
241,ago,Angola,2015,15547,30131,0,45678,0,45678,11855,3251,50071,50071
242,ago,Angola,2016,15547,30131,0,45678,0,45678,8388,4767,33112,33112
243,ago,Angola,2017,41119,30131,0,71250,0,71250,8292,7819,33840,33840
244,ago,Angola,2018,39856,30128,0,69984,0,69984,8243,8904,35167,35167
245,ago,Angola,2019,25793,30178,61,56032,0,56032,8176,10772,37191,37191
246,ago,Angola,2020,25791,30278,61,56130,0,56130,8196,12402,39639,39639
247,ago,Angola,2021,26045,30279,199,56523,0,56523,11403,12692,43887,43887
248,ago,Angola,2022,25514,30268,199,55981,0,55981,12021,16523,41859,41859
249,ago,Angola,2023,25174,30268,199,55641,0,55641,11506,22824,47967,47967
250,ago,Angola,2024,25275,30267,199,55741,0,55741,12545,21440,47905,47905
251,atg,Antigua and Barbuda,2000,0,0,0,0,0,0,0,6,6,6
252,atg,Antigua and Barbuda,2001,0,0,0,0,0,0,5,6,11,11
253,atg,Antigua and Barbuda,2002,0,0,0,0,0,0,5,41,46,46
254,atg,Antigua and Barbuda,2003,0,0,0,0,0,0,5,22,27,27
255,atg,Antigua and Barbuda,2004,0,0,0,0,0,0,13,13,26,26
256,atg,Antigua and Barbuda,2005,0,0,0,0,0,0,13,7,20,20
257,atg,Antigua and Barbuda,2006,0,0,0,0,0,0,18,8,26,26
258,atg,Antigua and Barbuda,2007,0,0,0,0,0,0,24,0,24,24
259,atg,Antigua and Barbuda,2008,0,0,0,0,0,0,25,25,50,50
260,atg,Antigua and Barbuda,2009,0,0,0,0,0,0,27,41,68,68
261,atg,Antigua and Barbuda,2010,0,0,0,0,0,0,28,32,60,60
262,atg,Antigua and Barbuda,2011,0,0,0,0,0,0,32,32,64,64
263,atg,Antigua and Barbuda,2012,0,0,0,0,0,0,45,35,80,80
264,atg,Antigua and Barbuda,2013,0,0,0,0,0,0,50,28,78,78
265,atg,Antigua and Barbuda,2014,0,0,0,0,0,0,53,15,68,68
266,atg,Antigua and Barbuda,2015,15,0,0,15,0,15,56,12,68,68
267,atg,Antigua and Barbuda,2016,5,0,0,5,0,5,82,30,112,112
268,atg,Antigua and Barbuda,2017,0,0,0,0,0,0,99,63,162,162
269,atg,Antigua and Barbuda,2018,0,0,0,0,0,0,107,47,154,154
270,atg,Antigua and Barbuda,2019,0,0,0,0,0,0,117,65,182,182
271,atg,Antigua and Barbuda,2020,0,0,0,0,0,0,108,51,159,159
272,atg,Antigua and Barbuda,2021,0,0,0,0,0,0,105,55,160,160
273,atg,Antigua and Barbuda,2022,0,0,169,169,0,169,58,58,116,116
274,atg,Antigua and Barbuda,2023,0,0,0,0,0,0,67,51,118,118
275,atg,Antigua and Barbuda,2024,0,5,0,5,0,5,91,80,171,171
276,arg,Argentina,1969,32000,0,0,32000,0,32000,0,0,0,0
277,arg,Argentina,1970,35000,0,0,35000,0,35000,0,0,0,0
278,arg,Argentina,1971,34000,0,0,34000,0,34000,0,0,0,0
279,arg,Argentina,1972,33000,0,0,33000,0,33000,0,0,0,0
280,arg,Argentina,1973,37000,0,0,37000,0,37000,0,0,0,0
281,arg,Argentina,1974,47000,0,0,47000,0,47000,0,0,0,0
282,arg,Argentina,1975,46000,0,0,46000,0,46000,0,0,0,0
283,arg,Argentina,1976,41010,0,0,41010,0,41010,0,0,0,0
284,arg,Argentina,1977,35000,0,0,35000,0,35000,0,0,0,0
285,arg,Argentina,1978,26390,0,0,26390,0,26390,0,0,0,0
286,arg,Argentina,1979,27050,0,0,27050,0,27050,0,0,0,0
287,arg,Argentina,1980,26460,0,0,26460,0,26460,38,0,38,38
288,arg,Argentina,1981,26500,0,0,26500,0,26500,38,0,38,38
289,arg,Argentina,1982,11500,0,0,11500,0,11500,1019,0,1019,1019
290,arg,Argentina,1983,11500,0,0,11500,0,11500,42,0,42,42
291,arg,Argentina,1984,11500,0,0,11500,0,11500,42,0,42,42
292,arg,Argentina,1985,14000,0,0,14000,0,14000,51,0,51,51
293,arg,Argentina,1986,14000,0,0,14000,0,14000,52,0,52,52
294,arg,Argentina,1987,13580,0,0,13580,0,13580,47,0,47,47
295,arg,Argentina,1988,13578,0,0,13578,0,13578,46,0,46,46
296,arg,Argentina,1989,12634,0,0,12634,0,12634,103,0,103,103
297,arg,Argentina,1990,11735,0,0,11735,0,11735,332,0,332,332
298,arg,Argentina,1991,11529,0,0,11529,0,11529,196,0,196,196
299,arg,Argentina,1992,11515,0,0,11515,0,11515,111,0,111,111
300,arg,Argentina,1993,11623,0,0,11623,0,11623,97,0,97,97
301,arg,Argentina,1994,11903,0,0,11903,0,11903,467,0,467,467
302,arg,Argentina,1995,10314,0,0,10314,0,10314,330,0,330,330
303,arg,Argentina,1996,10430,0,0,10430,0,10430,218,0,218,218
304,arg,Argentina,1997,10522,0,0,10522,0,10522,157,0,157,157
305,arg,Argentina,1998,2259,0,0,2259,0,2259,140,0,140,140
306,arg,Argentina,1999,2335,0,0,2335,0,2335,585,0,585,585
307,arg,Argentina,2000,2383,1274,0,3657,0,3657,608,1559,2167,2167
308,arg,Argentina,2001,2384,1544,0,3928,0,3928,660,1450,2110,2110
309,arg,Argentina,2002,2428,1535,0,3963,0,3963,764,1331,2095,2095
310,arg,Argentina,2003,2631,1188,0,3819,0,3819,777,1125,1902,1902
311,arg,Argentina,2004,2898,973,0,3871,0,3871,789,500,1289,1289
312,arg,Argentina,2005,3051,804,0,3855,0,3855,850,285,1135,1135
313,arg,Argentina,2006,3132,854,0,3986,0,3986,888,176,1064,1064
314,arg,Argentina,2007,3247,1080,0,4327,0,4327,1164,117,1281,1281
315,arg,Argentina,2008,2824,710,0,3534,0,3534,1039,139,1178,1178
316,arg,Argentina,2009,3209,742,0,3951,0,3951,604,154,758,758
317,arg,Argentina,2010,3257,916,0,4173,0,4173,553,84,637,637
318,arg,Argentina,2011,3341,1196,0,4537,0,4537,506,54,560,560
319,arg,Argentina,2012,3468,1901,0,5369,0,5369,435,41,476,476
320,arg,Argentina,2013,3340,899,0,4239,0,4239,381,71,452,452
321,arg,Argentina,2014,3473,846,0,4319,0,4319,311,102,413,413
322,arg,Argentina,2015,3187,1062,0,4249,0,4249,186,160,346,346
323,arg,Argentina,2016,3267,3917,181,7365,0,7365,120,219,339,339
324,arg,Argentina,2017,3332,4111,56969,64412,0,64412,121,352,473,473
325,arg,Argentina,2018,3442,6102,410,9954,0,9954,112,489,601,601
326,arg,Argentina,2019,3857,7981,443,12281,0,12281,99,932,1036,1036
327,arg,Argentina,2020,3965,9176,448,13589,0,13589,99,1189,1293,1293
328,arg,Argentina,2021,4050,11026,448,15524,0,15524,124,1774,1903,1903
329,arg,Argentina,2022,4094,11100,466,15660,0,15660,194,2271,2470,2470
330,arg,Argentina,2023,4104,7129,475,11708,0,11708,300,4388,4693,4693
331,arg,Argentina,2024,4409,4766,18,9193,0,9193,464,6189,6658,6658
332,arm,Armenia,1964,0,0,0,0,0,0,170,0,170,170
333,arm,Armenia,1965,0,0,0,0,0,0,0,0,0,0
334,arm,Armenia,1966,0,0,0,0,0,0,0,0,0,0
335,arm,Armenia,1967,0,0,0,0,0,0,0,0,0,0
336,arm,Armenia,1968,0,0,0,0,0,0,200,0,200,200
337,arm,Armenia,1969,0,0,0,0,0,0,200,0,200,200
338,arm,Armenia,1970,0,0,0,0,0,0,200,0,200,200
339,arm,Armenia,1971,0,0,0,0,0,0,4070,0,4070,4070
340,arm,Armenia,1972,0,0,0,0,0,0,3500,0,3500,3500
341,arm,Armenia,1973,0,0,0,0,0,0,0,0,0,0
342,arm,Armenia,1974,0,0,0,0,0,0,0,0,0,0
343,arm,Armenia,1975,0,0,0,0,0,0,0,0,0,0
344,arm,Armenia,1976,0,0,0,0,0,0,0,0,0,0
345,arm,Armenia,1977,0,0,0,0,0,0,440,0,440,440
346,arm,Armenia,1978,0,0,0,0,0,0,420,0,420,420
347,arm,Armenia,1979,0,0,0,0,0,0,700,0,700,700
348,arm,Armenia,1980,0,0,0,0,0,0,333,0,333,333
349,arm,Armenia,1981,0,0,0,0,0,0,333,0,333,333
350,arm,Armenia,1982,0,0,0,0,0,0,733,0,733,733
351,arm,Armenia,1983,0,0,0,0,0,0,333,0,333,333
352,arm,Armenia,1984,0,0,0,0,0,0,333,0,333,333
353,arm,Armenia,1985,0,0,0,0,0,0,333,0,333,333
354,arm,Armenia,1986,0,0,0,0,0,0,528,0,528,528
355,arm,Armenia,1987,0,0,0,0,0,0,208,0,208,208
356,arm,Armenia,1988,0,0,0,0,0,0,300,0,300,300
357,arm,Armenia,1989,0,0,0,0,0,0,0,0,0,0
358,arm,Armenia,1990,0,0,0,0,0,0,0,0,0,0
359,arm,Armenia,1991,0,0,0,0,0,0,0,0,0,0
360,arm,Armenia,1992,300000,0,0,300000,0,300000,195000,0,195000,195000
361,arm,Armenia,1993,334000,0,0,334000,77000,411000,200116,0,200116,277116
362,arm,Armenia,1994,304040,0,0,304040,72000,376040,201837,0,201837,273837
363,arm,Armenia,1995,218950,0,0,218950,72000,290950,201439,0,201439,273439
364,arm,Armenia,1996,218950,0,0,218950,72000,290950,203232,0,203232,275232
365,arm,Armenia,1997,219000,0,0,219000,72000,291000,203690,0,203690,275690
366,arm,Armenia,1998,310012,0,0,310012,0,310012,193147,0,193573,193573
367,arm,Armenia,1999,296215,0,0,296215,0,296215,193228,0,193228,193228
368,arm,Armenia,2000,280586,0,0,280586,0,280586,5787,5228,11015,11015
369,arm,Armenia,2001,264337,0,0,264337,0,264337,7206,6087,13293,13293
370,arm,Armenia,2002,247549,0,0,247549,0,247549,13244,5667,18911,18911
371,arm,Armenia,2003,239289,30,0,239319,0,239319,13158,4965,18123,18123
372,arm,Armenia,2004,235233,64,0,235297,0,235297,13409,4044,17453,17453
373,arm,Armenia,2005,219547,64,0,219611,0,219611,13965,4339,18304,18304
374,arm,Armenia,2006,113713,75,0,113788,0,113788,14913,5401,20314,20314
375,arm,Armenia,2007,4564,97,0,4661,0,4661,15435,3985,19420,19420
376,arm,Armenia,2008,3952,170,0,4122,0,4122,16333,3764,20097,20097
377,arm,Armenia,2009,3605,38,82231,85874,0,85874,18004,4085,104320,104320
378,arm,Armenia,2010,3292,14,82519,85825,0,85825,17553,2947,103019,103019
379,arm,Armenia,2011,2913,17,82938,85868,0,85868,16491,2652,102081,102081
380,arm,Armenia,2012,2849,378,5500,8727,0,8727,15937,2888,18825,18825
381,arm,Armenia,2013,13727,70,0,13797,0,13797,11995,5363,17369,17369
382,arm,Armenia,2014,17635,57,0,17692,0,17692,11839,6287,18139,18139
383,arm,Armenia,2015,19314,51,0,19365,0,19365,11211,8491,19716,19716
384,arm,Armenia,2016,17883,73,0,17956,0,17956,10707,13092,23811,23811
385,arm,Armenia,2017,17968,62,0,18030,0,18030,10786,14907,25701,25701
386,arm,Armenia,2018,17966,105,0,18071,0,18071,11040,13697,24742,24742
387,arm,Armenia,2019,17980,158,0,18138,0,18138,10962,11097,22064,22064
388,arm,Armenia,2020,107910,136,0,108046,0,108046,10334,8850,19184,19184
389,arm,Armenia,2021,34728,181,0,34909,0,34909,12255,9291,21546,21546
390,arm,Armenia,2022,34634,580,0,35214,0,35214,14868,13474,28347,28347
391,arm,Armenia,2023,150080,615,0,150695,0,150695,15072,18378,33458,33458
392,arm,Armenia,2024,144379,975,0,145354,0,145354,15933,20459,36399,36399
393,aus,Australia,1951,180000,0,0,180000,0,180000,0,0,0,0
394,aus,Australia,1952,0,0,0,0,0,0,0,0,0,0
395,aus,Australia,1953,0,0,0,0,0,0,0,0,0,0
396,aus,Australia,1954,0,0,0,0,0,0,0,0,0,0
397,aus,Australia,1955,0,0,0,0,0,0,0,0,0,0
398,aus,Australia,1956,0,0,0,0,0,0,0,0,0,0
399,aus,Australia,1957,0,0,0,0,0,0,0,0,0,0
400,aus,Australia,1958,0,0,0,0,0,0,0,0,0,0
401,aus,Australia,1959,0,0,0,0,0,0,0,0,0,0
402,aus,Australia,1960,0,0,0,0,0,0,0,0,0,0
403,aus,Australia,1961,0,0,0,0,0,0,0,0,0,0
404,aus,Australia,1962,0,0,0,0,0,0,0,0,0,0
405,aus,Australia,1963,0,0,0,0,0,0,0,0,0,0
406,aus,Australia,1964,0,0,0,0,0,0,0,0,0,0
407,aus,Australia,1965,40000,0,0,40000,0,40000,0,0,0,0
408,aus,Australia,1966,40000,0,0,40000,0,40000,0,0,0,0
409,aus,Australia,1967,44000,0,0,44000,0,44000,0,0,0,0
410,aus,Australia,1968,43000,0,0,43000,0,43000,0,0,0,0
411,aus,Australia,1969,42000,0,0,42000,0,42000,0,0,0,0
412,aus,Australia,1970,42000,0,0,42000,0,42000,0,0,0,0
413,aus,Australia,1971,0,0,0,0,0,0,0,0,0,0
414,aus,Australia,1972,0,0,0,0,0,0,0,0,0,0
415,aus,Australia,1973,0,0,0,0,0,0,0,0,0,0
416,aus,Australia,1974,0,0,0,0,0,0,0,0,0,0
417,aus,Australia,1975,0,0,0,0,0,0,0,0,0,0
418,aus,Australia,1976,0,0,0,0,0,0,0,0,0,0
419,aus,Australia,1977,0,0,0,0,0,0,0,0,0,0
420,aus,Australia,1978,304000,0,0,304000,0,304000,0,0,0,0
421,aus,Australia,1979,304000,0,0,304000,0,304000,0,0,0,0
422,aus,Australia,1980,304000,0,0,304000,0,304000,0,0,0,0
423,aus,Australia,1981,317000,0,0,317000,0,317000,0,0,0,0
424,aus,Australia,1982,317000,0,0,317000,0,317000,0,0,0,0
425,aus,Australia,1983,317000,0,0,317000,0,317000,0,0,0,0
426,aus,Australia,1984,89000,0,0,89000,0,89000,0,0,0,0
427,aus,Australia,1985,89000,0,0,89000,0,89000,0,0,0,0
428,aus,Australia,1986,85900,0,0,85900,0,85900,0,0,0,0
429,aus,Australia,1987,87600,0,0,87600,0,87600,0,0,0,0
430,aus,Australia,1988,90970,0,0,90970,0,90970,0,0,0,0
431,aus,Australia,1989,97915,0,0,97915,0,97915,0,0,0,0
432,aus,Australia,1990,97915,0,0,97915,0,97915,0,0,0,0
433,aus,Australia,1991,53117,0,0,53117,0,53117,0,0,0,0
434,aus,Australia,1992,52604,0,0,52604,0,52604,0,0,0,0
435,aus,Australia,1993,53505,0,0,53505,0,53505,0,0,0,0
436,aus,Australia,1994,57575,0,0,57575,0,57575,0,0,0,0
437,aus,Australia,1995,62145,0,0,62145,0,62145,0,0,0,0
438,aus,Australia,1996,67298,0,0,67298,0,67298,0,0,0,0
439,aus,Australia,1997,66056,0,0,66056,0,66056,0,0,0,0
440,aus,Australia,1998,69714,0,0,69714,0,69714,0,0,0,0
441,aus,Australia,1999,64879,0,0,64879,0,64879,0,0,0,0
442,aus,Australia,2000,60219,10877,0,71096,0,71096,0,5,5,5
443,aus,Australia,2001,57885,11558,0,69443,0,69443,0,10,10,10
444,aus,Australia,2002,59422,7271,0,66693,0,66693,9,14,23,23
445,aus,Australia,2003,56242,2978,0,59220,0,59220,12,5,17,17
446,aus,Australia,2004,63478,5017,0,68495,0,68495,11,7,18,18
447,aus,Australia,2005,64955,1756,0,66711,0,66711,41,0,41,41
448,aus,Australia,2006,68942,1366,0,70308,0,70308,29,5,34,34
449,aus,Australia,2007,22161,1459,0,23620,0,23620,57,0,57,57
450,aus,Australia,2008,20915,2140,0,23055,0,23055,37,9,46,46
451,aus,Australia,2009,22543,2306,0,24849,0,24849,23,9,32,32
452,aus,Australia,2010,21790,3714,0,25504,0,25504,38,10,48,48
453,aus,Australia,2011,23423,5210,0,28633,0,28633,38,5,43,43
454,aus,Australia,2012,30061,10991,0,41052,0,41052,47,5,52,52
455,aus,Australia,2013,34485,13509,0,47994,0,47994,27,5,32,32
456,aus,Australia,2014,35565,21462,0,57027,0,57027,27,0,27,27
457,aus,Australia,2015,36917,20752,0,57669,0,57669,21,0,21,21
458,aus,Australia,2016,42187,29633,0,71820,0,71820,15,10,25,25
459,aus,Australia,2017,48480,48029,0,96509,0,96509,10,10,20,20
460,aus,Australia,2018,56934,60645,0,117579,0,117579,10,17,27,27
461,aus,Australia,2019,58529,77362,0,135891,0,135891,20,50,70,70
462,aus,Australia,2020,57411,80801,46,138258,0,138258,20,12,32,32
463,aus,Australia,2021,55606,82810,7526,145942,0,145942,16,21,37,37
464,aus,Australia,2022,54430,90549,2500,147479,0,147479,36,25,61,61
465,aus,Australia,2023,34502,82625,1514,118641,0,118641,29,68,97,97
466,aus,Australia,2024,29511,91278,950,121739,0,121739,31,83,114,114
467,aut,Austria,1951,282000,0,0,282000,0,282000,0,0,0,0
468,aut,Austria,1952,238200,0,0,238200,0,238200,0,0,0,0
469,aut,Austria,1953,215200,0,0,215200,0,215200,0,0,0,0
470,aut,Austria,1954,150000,0,0,150000,0,150000,0,0,0,0
471,aut,Austria,1955,110000,0,0,110000,0,110000,0,0,0,0
472,aut,Austria,1956,140000,0,0,140000,0,140000,0,0,0,0
473,aut,Austria,1957,68000,0,0,68000,0,68000,0,0,0,0
474,aut,Austria,1958,53000,0,0,53000,0,53000,0,0,0,0
475,aut,Austria,1959,44000,0,0,44000,0,44000,0,0,0,0
476,aut,Austria,1960,39000,0,0,39000,0,39000,0,0,0,0
477,aut,Austria,1961,34000,0,0,34000,0,34000,0,0,0,0
478,aut,Austria,1962,30000,0,0,30000,0,30000,0,0,0,0
479,aut,Austria,1963,27000,0,0,27000,0,27000,0,0,0,0
480,aut,Austria,1964,25000,0,0,25000,0,25000,0,0,0,0
481,aut,Austria,1965,25000,0,0,25000,0,25000,0,0,0,0
482,aut,Austria,1966,24500,0,0,24500,0,24500,0,0,0,0
483,aut,Austria,1967,24000,0,0,24000,0,24000,0,0,0,0
484,aut,Austria,1968,24000,0,0,24000,0,24000,0,0,0,0
485,aut,Austria,1969,25000,0,0,25000,0,25000,0,0,0,0
486,aut,Austria,1970,25300,0,0,25300,0,25300,0,0,0,0
487,aut,Austria,1971,25000,0,0,25000,0,25000,0,0,0,0
488,aut,Austria,1972,25000,0,0,25000,0,25000,0,0,0,0
489,aut,Austria,1973,25000,0,0,25000,0,25000,0,0,0,0
490,aut,Austria,1974,25000,0,0,25000,0,25000,0,0,0,0
491,aut,Austria,1975,20000,0,0,20000,0,20000,0,0,0,0
492,aut,Austria,1976,25000,0,0,25000,0,25000,0,0,0,0
493,aut,Austria,1977,20000,0,0,20000,0,20000,0,0,0,0
494,aut,Austria,1978,20000,0,0,20000,0,20000,0,0,0,0
495,aut,Austria,1979,25000,0,0,25000,0,25000,0,0,0,0
496,aut,Austria,1980,15525,0,0,15525,0,15525,0,0,0,0
497,aut,Austria,1981,17899,0,0,17899,0,17899,0,0,0,0
498,aut,Austria,1982,34963,0,0,34963,0,34963,0,0,0,0
499,aut,Austria,1983,37298,0,0,37298,0,37298,0,0,0,0
500,aut,Austria,1984,39099,0,0,39099,0,39099,0,0,0,0
501,aut,Austria,1985,40534,0,0,40534,0,40534,0,0,0,0
502,aut,Austria,1986,41176,0,0,41176,0,41176,0,0,0,0
503,aut,Austria,1987,41228,0,0,41228,0,41228,0,0,0,0
504,aut,Austria,1988,39830,0,0,39830,0,39830,0,0,0,0
505,aut,Austria,1989,39405,0,0,39405,0,39405,0,0,0,0
506,aut,Austria,1990,34938,0,0,34938,0,34938,0,0,0,0
507,aut,Austria,1991,34508,0,0,34508,0,34508,0,0,0,0
508,aut,Austria,1992,62355,0,0,62355,0,62355,0,0,0,0
509,aut,Austria,1993,57687,0,0,57687,0,57687,0,0,0,0
510,aut,Austria,1994,40703,0,0,40703,0,40703,60,0,60,60
511,aut,Austria,1995,34385,0,0,34385,0,34385,49,0,49,49
512,aut,Austria,1996,89116,0,0,89116,0,89116,53,0,53,53
513,aut,Austria,1997,84394,0,0,84394,0,84394,54,0,54,54
514,aut,Austria,1998,80294,0,0,80294,0,80294,63,0,63,63
515,aut,Austria,1999,82076,0,0,82076,0,82076,47,0,47,47
516,aut,Austria,2000,15493,9945,0,25438,0,25438,33,0,33,33
517,aut,Austria,2001,14375,15187,0,29562,0,29562,27,5,32,32
518,aut,Austria,2002,14122,29494,0,43616,0,43616,72,10,82,82
519,aut,Austria,2003,16097,33564,0,49661,0,49661,68,11,79,79
520,aut,Austria,2004,17777,38262,0,56039,0,56039,44,5,49,49
521,aut,Austria,2005,21212,40710,0,61922,0,61922,62,0,62,62
522,aut,Austria,2006,25475,42385,0,67860,0,67860,30,16,46,46
523,aut,Austria,2007,30767,38424,0,69191,0,69191,19,5,24,24
524,aut,Austria,2008,37546,36687,0,74233,0,74233,15,0,15,15
525,aut,Austria,2009,38895,32133,0,71028,0,71028,15,0,15,15
526,aut,Austria,2010,42613,25602,0,68215,0,68215,10,0,10,10
527,aut,Austria,2011,47055,24464,0,71519,0,71519,10,0,10,10
528,aut,Austria,2012,51707,22418,0,74125,0,74125,15,5,20,20
529,aut,Austria,2013,55575,22731,0,78306,0,78306,5,10,15,15
530,aut,Austria,2014,60724,22745,0,83469,0,83469,5,0,5,5
531,aut,Austria,2015,72198,80060,0,152258,0,152258,0,5,5,5
532,aut,Austria,2016,93242,76382,0,169624,0,169624,0,5,5,5
533,aut,Austria,2017,115252,56279,0,171531,0,171531,10,26,36,36
534,aut,Austria,2018,128779,37347,0,166126,0,166126,24,10,34,34
535,aut,Austria,2019,135951,26696,0,162647,0,162647,18,10,28,28
536,aut,Austria,2020,141816,20710,0,162526,0,162526,18,0,18,18
537,aut,Austria,2021,152514,27847,0,180361,0,180361,23,5,28,28
538,aut,Austria,2022,258613,53087,0,311700,0,311700,41,17,58,58
539,aut,Austria,2023,257811,38039,0,295850,0,295850,23,30,53,53
540,aut,Austria,2024,284828,28883,0,313711,0,313711,33,40,73,73
541,aze,Azerbaijan,1992,246000,0,0,246000,0,246000,300000,0,300000,300000
542,aze,Azerbaijan,1993,228840,0,0,228840,778000,1006840,328005,0,328005,1106005
543,aze,Azerbaijan,1994,231635,0,0,231635,663100,894735,299092,0,299092,962192
544,aze,Azerbaijan,1995,233682,0,0,233682,622100,855782,200519,0,200519,822619
545,aze,Azerbaijan,1996,233693,0,0,233693,549030,782723,236086,0,236086,785116
546,aze,Azerbaijan,1997,233716,0,0,233716,551077,784793,234949,0,234949,786026
547,aze,Azerbaijan,1998,221636,0,0,221636,576321,797957,329655,0,330273,906594
548,aze,Azerbaijan,1999,221642,0,0,221642,569550,791192,311131,0,311131,880681
549,aze,Azerbaijan,2000,280,3378,51649,55307,572451,627758,284278,5282,289560,862011
550,aze,Azerbaijan,2001,363,6546,7427,14336,572955,587291,268755,5740,274495,847450
551,aze,Azerbaijan,2002,453,8116,2461,11030,577179,588209,260217,4986,265203,842382
552,aze,Azerbaijan,2003,324,8796,430,9550,575609,585159,253248,4633,257881,833490
553,aze,Azerbaijan,2004,8604,1228,430,10262,578545,588807,250584,3951,254535,833080
554,aze,Azerbaijan,2005,3004,101,327,3432,578545,581977,233678,4121,237799,816344
555,aze,Azerbaijan,2006,2619,83,395,3097,686586,689683,126068,3095,129163,815749
556,aze,Azerbaijan,2007,2351,69,431,2851,686586,689437,15922,1903,17825,704411
557,aze,Azerbaijan,2008,2060,40,474,2574,603251,605825,16321,1876,18197,621448
558,aze,Azerbaijan,2009,1643,47,508,2198,586013,588211,16945,2465,19410,605423
559,aze,Azerbaijan,2010,1894,15,0,1909,592860,594769,16756,2072,18828,611688
560,aze,Azerbaijan,2011,1727,42,0,1769,599192,600961,16168,2188,18356,617548
561,aze,Azerbaijan,2012,1467,137,0,1604,600336,601940,15541,2187,17728,618064
562,aze,Azerbaijan,2013,1377,268,0,1645,609029,610674,10808,3613,14421,623450
563,aze,Azerbaijan,2014,1298,398,0,1696,622892,624588,10508,4391,14899,637791
564,aze,Azerbaijan,2015,1279,215,0,1494,618220,619714,9707,5212,14919,633139
565,aze,Azerbaijan,2016,1193,255,0,1448,613129,614577,10118,8098,18216,631345
566,aze,Azerbaijan,2017,1120,124,0,1244,612785,614029,10893,9541,20434,633219
567,aze,Azerbaijan,2018,1130,209,0,1339,620423,621762,11246,9318,20564,640987
568,aze,Azerbaijan,2019,1109,181,0,1290,652326,653616,11626,8232,19858,672184
569,aze,Azerbaijan,2020,1572,48,0,1620,653921,655541,101468,6425,107893,761814
570,aze,Azerbaijan,2021,1676,34,0,1710,654839,656549,39478,5235,44713,699552
571,aze,Azerbaijan,2022,6414,152,0,6566,658793,665359,42116,5726,47842,706635
572,aze,Azerbaijan,2023,5771,168,0,5939,657749,663688,158098,6777,164875,822624
573,aze,Azerbaijan,2024,6431,267,18,6716,655212,661928,153154,7626,160780,815992
574,bhs,Bahamas,1992,374,0,0,374,0,374,0,0,0,0
575,bhs,Bahamas,1993,59,0,0,59,0,59,0,0,0,0
576,bhs,Bahamas,1994,0,0,0,0,0,0,0,0,0,0
577,bhs,Bahamas,1995,8,0,0,8,0,8,0,0,0,0
578,bhs,Bahamas,1996,47,0,0,47,0,47,0,0,0,0
579,bhs,Bahamas,1997,58,0,0,58,0,58,0,0,0,0
580,bhs,Bahamas,1998,78,0,0,78,0,78,0,0,0,0
581,bhs,Bahamas,1999,98,0,0,98,0,98,0,0,0,0
582,bhs,Bahamas,2000,98,0,0,98,0,98,0,7,7,7
583,bhs,Bahamas,2001,0,0,0,0,0,0,0,26,26,26
584,bhs,Bahamas,2002,0,0,0,0,0,0,0,163,163,163
585,bhs,Bahamas,2003,0,0,0,0,0,0,0,18,18,18
586,bhs,Bahamas,2004,0,0,0,0,0,0,0,19,19,19
587,bhs,Bahamas,2005,0,0,0,0,0,0,0,18,18,18
588,bhs,Bahamas,2006,0,0,0,0,0,0,12,22,34,34
589,bhs,Bahamas,2007,0,0,0,0,0,0,14,23,37,37
590,bhs,Bahamas,2008,0,0,0,0,0,0,11,26,37,37
591,bhs,Bahamas,2009,0,0,0,0,0,0,12,32,44,44
592,bhs,Bahamas,2010,27,8,0,35,0,35,17,28,45,45
593,bhs,Bahamas,2011,27,13,0,40,0,40,184,35,219,219
594,bhs,Bahamas,2012,36,13,0,49,0,49,195,32,227,227
595,bhs,Bahamas,2013,14,13,0,27,0,27,208,27,235,235
596,bhs,Bahamas,2014,12,19,75,106,0,106,216,40,256,256
597,bhs,Bahamas,2015,7,20,86,113,0,113,216,80,296,296
598,bhs,Bahamas,2016,9,17,0,26,0,26,298,119,417,417
599,bhs,Bahamas,2017,8,15,0,23,0,23,378,235,613,613
600,bhs,Bahamas,2018,14,24,0,38,0,38,421,391,812,812
601,bhs,Bahamas,2019,10,13,0,23,0,23,501,528,1029,1029
602,bhs,Bahamas,2020,15,13,0,28,0,28,534,695,1229,1229
603,bhs,Bahamas,2021,10,13,0,23,0,23,736,658,1394,1394
604,bhs,Bahamas,2022,10,31,723,764,0,764,781,1210,1991,1991
605,bhs,Bahamas,2023,0,31,723,754,0,754,1067,1825,2892,2892
606,bhs,Bahamas,2024,10,20,723,753,0,753,1449,2607,4056,4056
607,bhr,Bahrain,1974,60,0,0,60,0,60,0,0,0,0
608,bhr,Bahrain,1975,0,0,0,0,0,0,0,0,0,0
609,bhr,Bahrain,1976,0,0,0,0,0,0,0,0,0,0
610,bhr,Bahrain,1977,0,0,0,0,0,0,0,0,0,0
611,bhr,Bahrain,1978,0,0,0,0,0,0,0,0,0,0
612,bhr,Bahrain,1979,0,0,0,0,0,0,0,0,0,0
613,bhr,Bahrain,1980,0,0,0,0,0,0,0,0,0,0
614,bhr,Bahrain,1981,0,0,0,0,0,0,0,0,0,0
615,bhr,Bahrain,1982,0,0,0,0,0,0,0,0,0,0
616,bhr,Bahrain,1983,0,0,0,0,0,0,0,0,0,0
617,bhr,Bahrain,1984,0,0,0,0,0,0,0,0,0,0
618,bhr,Bahrain,1985,800,0,0,800,0,800,0,0,0,0
619,bhr,Bahrain,1986,0,0,0,0,0,0,0,0,0,0
620,bhr,Bahrain,1987,2360,0,0,2360,0,2360,0,0,0,0
621,bhr,Bahrain,1988,50,0,0,50,0,50,0,0,0,0
622,bhr,Bahrain,1989,150,0,0,150,0,150,0,0,0,0
623,bhr,Bahrain,1990,1780,0,0,1780,0,1780,39,0,39,39
624,bhr,Bahrain,1991,0,0,0,0,0,0,52,0,52,52
625,bhr,Bahrain,1992,0,0,0,0,0,0,53,0,53,53
626,bhr,Bahrain,1993,0,0,0,0,0,0,59,0,59,59
627,bhr,Bahrain,1994,0,0,0,0,0,0,74,0,74,74
628,bhr,Bahrain,1995,0,0,0,0,0,0,70,0,70,70
629,bhr,Bahrain,1996,0,0,0,0,0,0,64,0,64,64
630,bhr,Bahrain,1997,0,0,0,0,0,0,82,0,82,82
631,bhr,Bahrain,1998,0,0,0,0,0,0,94,0,94,94
632,bhr,Bahrain,1999,0,0,0,0,0,0,124,0,124,124
633,bhr,Bahrain,2000,0,0,0,0,0,0,92,51,143,143
634,bhr,Bahrain,2001,0,0,0,0,0,0,46,5,51,51
635,bhr,Bahrain,2002,0,0,0,0,0,0,49,5,54,54
636,bhr,Bahrain,2003,0,0,0,0,0,0,50,5,55,55
637,bhr,Bahrain,2004,0,5,0,5,0,5,52,18,70,70
638,bhr,Bahrain,2005,0,14,0,14,0,14,40,22,62,62
639,bhr,Bahrain,2006,0,15,0,15,0,15,56,14,70,70
640,bhr,Bahrain,2007,0,33,0,33,0,33,65,16,81,81
641,bhr,Bahrain,2008,48,48,0,96,0,96,72,10,82,82
642,bhr,Bahrain,2009,139,13,0,152,0,152,72,0,72,72
643,bhr,Bahrain,2010,165,66,0,231,0,231,81,24,105,105
644,bhr,Bahrain,2011,199,156,0,355,0,355,213,72,285,285
645,bhr,Bahrain,2012,289,46,0,335,0,335,294,103,397,397
646,bhr,Bahrain,2013,294,52,0,346,0,346,274,89,370,370
647,bhr,Bahrain,2014,310,44,0,354,0,354,344,98,449,449
648,bhr,Bahrain,2015,246,113,0,359,0,359,422,81,503,503
649,bhr,Bahrain,2016,270,111,0,381,0,381,461,118,579,579
650,bhr,Bahrain,2017,255,111,0,366,0,366,497,172,669,669
651,bhr,Bahrain,2018,262,58,0,320,0,320,540,136,676,676
652,bhr,Bahrain,2019,251,58,0,309,0,309,557,156,713,713
653,bhr,Bahrain,2020,256,104,0,360,0,360,534,118,652,652
654,bhr,Bahrain,2021,256,190,0,446,0,446,416,137,553,553
655,bhr,Bahrain,2022,255,122,0,377,0,377,312,158,470,470
656,bhr,Bahrain,2023,254,122,0,376,0,376,304,207,511,511
657,bhr,Bahrain,2024,250,121,0,371,0,371,289,325,614,614
658,bgd,Bangladesh,1974,0,0,0,0,0,0,0,0,0,0
659,bgd,Bangladesh,1975,0,0,0,0,0,0,0,0,0,0
660,bgd,Bangladesh,1976,0,0,0,0,0,0,0,0,0,0
661,bgd,Bangladesh,1977,0,0,0,0,0,0,0,0,0,0
662,bgd,Bangladesh,1978,164000,0,0,164000,0,164000,0,0,0,0
663,bgd,Bangladesh,1979,0,0,0,0,0,0,0,0,0,0
664,bgd,Bangladesh,1980,0,0,0,0,0,0,0,0,0,0
665,bgd,Bangladesh,1981,0,0,0,0,0,0,0,0,0,0
666,bgd,Bangladesh,1982,0,0,0,0,0,0,0,0,0,0
667,bgd,Bangladesh,1983,0,0,0,0,0,0,0,0,0,0
668,bgd,Bangladesh,1984,0,0,0,0,0,0,0,0,0,0
669,bgd,Bangladesh,1985,0,0,0,0,0,0,0,0,0,0
670,bgd,Bangladesh,1986,0,0,0,0,0,0,0,0,0,0
671,bgd,Bangladesh,1987,0,0,0,0,0,0,0,0,0,0
672,bgd,Bangladesh,1988,0,0,0,0,0,0,5,0,5,5
673,bgd,Bangladesh,1989,0,0,0,0,0,0,5,0,5,5
674,bgd,Bangladesh,1990,145,0,0,145,0,145,477,0,477,477
675,bgd,Bangladesh,1991,40260,0,0,40260,0,40260,613,0,613,613
676,bgd,Bangladesh,1992,245154,0,0,245154,0,245154,53921,0,53921,53921
677,bgd,Bangladesh,1993,198950,0,0,198950,0,198950,57154,0,57154,57154
678,bgd,Bangladesh,1994,116227,0,0,116227,0,116227,56196,0,56196,56196
679,bgd,Bangladesh,1995,51117,0,0,51117,0,51117,56958,0,56958,56958
680,bgd,Bangladesh,1996,30690,0,0,30690,0,30690,57962,0,57962,57962
681,bgd,Bangladesh,1997,21603,0,0,21603,0,21603,44375,0,44375,44375
682,bgd,Bangladesh,1998,22275,0,0,22275,0,22275,4659,0,4659,4659
683,bgd,Bangladesh,1999,22209,0,0,22209,0,22209,4470,0,4470,4470
684,bgd,Bangladesh,2000,21623,0,0,21623,0,21623,5404,3322,8726,8726
685,bgd,Bangladesh,2001,22169,20,0,22189,0,22189,5544,3444,8988,8988
686,bgd,Bangladesh,2002,22024,21,0,22045,0,22045,5804,4827,10631,10631
687,bgd,Bangladesh,2003,19791,8,0,19799,0,19799,5563,8272,13835,13835
688,bgd,Bangladesh,2004,20450,9,0,20459,0,20459,5733,9339,15072,15072
689,bgd,Bangladesh,2005,21099,57,0,21156,0,21156,7303,10156,17459,17459
690,bgd,Bangladesh,2006,26308,78,0,26386,0,26386,7796,4009,11805,11805
691,bgd,Bangladesh,2007,27571,50,0,27621,0,27621,10235,7328,17563,17563
692,bgd,Bangladesh,2008,28384,0,0,28384,0,28384,10097,6713,16810,16810
693,bgd,Bangladesh,2009,228587,0,0,228587,0,228587,10428,1827,12255,12255
694,bgd,Bangladesh,2010,229256,0,0,229256,0,229256,10046,6492,16538,16538
695,bgd,Bangladesh,2011,229669,0,0,229669,0,229669,10047,5238,15285,15285
696,bgd,Bangladesh,2012,230696,0,0,230696,0,230696,10159,8162,18321,18321
697,bgd,Bangladesh,2013,231142,8,0,231150,0,231150,9720,22857,32582,32582
698,bgd,Bangladesh,2014,232468,14,0,232482,0,232482,10868,21604,32486,32486
699,bgd,Bangladesh,2015,231954,0,0,231954,0,231954,12154,30544,42714,42714
700,bgd,Bangladesh,2016,276203,0,0,276203,0,276203,13842,25929,39786,39786
701,bgd,Bangladesh,2017,932209,115,0,932324,0,932324,16780,68118,84913,84913
702,bgd,Bangladesh,2018,906640,39,0,906679,0,906679,21022,58843,79873,79873
703,bgd,Bangladesh,2019,854779,34,0,854813,0,854813,22766,62860,86128,86128
704,bgd,Bangladesh,2020,866534,18,0,866552,0,866552,18948,64636,84855,84855
705,bgd,Bangladesh,2021,918907,48,0,918955,0,918955,22672,65495,88674,88674
706,bgd,Bangladesh,2022,952384,24,0,952408,0,952408,23935,61298,85272,85272
707,bgd,Bangladesh,2023,971984,0,0,971984,0,971984,24126,75867,100076,100076
708,bgd,Bangladesh,2024,1005602,35,0,1005637,0,1005637,28473,108131,136699,136699
709,brb,Barbados,1994,0,0,0,0,0,0,5,0,5,5
710,brb,Barbados,1995,0,0,0,0,0,0,0,0,0,0
711,brb,Barbados,1996,0,0,0,0,0,0,0,0,0,0
712,brb,Barbados,1997,0,0,0,0,0,0,0,0,0,0
713,brb,Barbados,1998,0,0,0,0,0,0,0,0,0,0
714,brb,Barbados,1999,0,0,0,0,0,0,0,0,0,0
715,brb,Barbados,2000,0,0,0,0,0,0,5,8,13,13
716,brb,Barbados,2001,0,0,0,0,0,0,6,24,30,30
717,brb,Barbados,2002,0,0,0,0,0,0,6,61,67,67
718,brb,Barbados,2003,0,0,0,0,0,0,8,43,51,51
719,brb,Barbados,2004,0,0,0,0,0,0,10,12,22,22
720,brb,Barbados,2005,0,0,0,0,0,0,8,18,26,26
721,brb,Barbados,2006,0,0,0,0,0,0,28,37,65,65
722,brb,Barbados,2007,0,0,0,0,0,0,39,30,69,69
723,brb,Barbados,2008,0,0,0,0,0,0,33,45,78,78
724,brb,Barbados,2009,0,0,0,0,0,0,28,66,94,94
725,brb,Barbados,2010,0,0,0,0,0,0,29,63,92,92
726,brb,Barbados,2011,0,0,0,0,0,0,42,73,115,115
727,brb,Barbados,2012,0,0,0,0,0,0,50,56,106,106
728,brb,Barbados,2013,0,0,0,0,0,0,63,51,114,114
729,brb,Barbados,2014,0,0,0,0,0,0,82,17,99,99
730,brb,Barbados,2015,0,0,0,0,0,0,95,24,119,119
731,brb,Barbados,2016,0,0,0,0,0,0,144,44,188,188
732,brb,Barbados,2017,0,0,0,0,0,0,172,76,248,248
733,brb,Barbados,2018,0,5,0,5,0,5,211,81,292,292
734,brb,Barbados,2019,0,10,0,10,0,10,243,116,359,359
735,brb,Barbados,2020,0,5,0,5,0,5,230,120,350,350
736,brb,Barbados,2021,0,10,0,10,0,10,265,91,356,356
737,brb,Barbados,2022,0,0,0,0,0,0,231,226,457,457
738,brb,Barbados,2023,5,10,0,15,0,15,298,255,553,553
739,brb,Barbados,2024,5,8,0,13,0,13,415,620,1035,1035
740,blr,Belarus,1994,1824,0,0,1824,0,1824,37,0,37,37
741,blr,Belarus,1995,28988,0,0,28988,0,28988,84,0,84,84
742,blr,Belarus,1996,30525,0,0,30525,0,30525,499,0,499,499
743,blr,Belarus,1997,50,0,160000,160050,0,160050,300,0,300,300
744,blr,Belarus,1998,75,0,175895,175970,0,175970,292,0,292,292
745,blr,Belarus,1999,261,0,160000,160261,0,160261,1505,0,1505,1505
746,blr,Belarus,2000,453,410,160000,160863,0,160863,2515,766,3281,3281
747,blr,Belarus,2001,581,354,34567,35502,0,35502,3691,1131,4822,4822
748,blr,Belarus,2002,612,333,19511,20456,0,20456,6366,2073,8439,8439
749,blr,Belarus,2003,631,318,16372,17321,0,17321,7817,2099,9916,9916
750,blr,Belarus,2004,719,65,2458,3242,0,3242,8226,1403,9629,9629
751,blr,Belarus,2005,718,50,2414,3182,0,3182,8849,1425,10274,10274
752,blr,Belarus,2006,683,24,2431,3138,0,3138,9368,1698,11066,11066
753,blr,Belarus,2007,643,10,2416,3069,0,3069,4961,1202,6163,6163
754,blr,Belarus,2008,602,54,2420,3076,0,3076,5376,1082,6458,6458
755,blr,Belarus,2009,578,84,0,662,0,662,5518,975,6493,6493
756,blr,Belarus,2010,587,62,0,649,0,649,5735,737,6472,6472
757,blr,Belarus,2011,594,46,0,640,0,640,5916,910,6826,6826
758,blr,Belarus,2012,572,56,0,628,0,628,6181,1013,7194,7194
759,blr,Belarus,2013,599,84,0,683,0,683,4387,870,5257,5257
760,blr,Belarus,2014,919,254,0,1173,0,1173,4296,931,5227,5227
761,blr,Belarus,2015,1805,273,0,2078,0,2078,4117,1472,5589,5589
762,blr,Belarus,2016,1647,228,0,1875,0,1875,3831,1985,5816,5816
763,blr,Belarus,2017,2155,273,0,2428,0,2428,3650,2862,6512,6512
764,blr,Belarus,2018,2225,184,0,2409,0,2409,3526,3282,6808,6808
765,blr,Belarus,2019,2725,131,0,2856,0,2856,3425,4012,7437,7437
766,blr,Belarus,2020,2900,143,0,3043,0,3043,3139,4698,7837,7837
767,blr,Belarus,2021,2729,114,0,2843,0,2843,4632,6799,11431,11431
768,blr,Belarus,2022,19715,639,0,20354,0,20354,11598,8396,19994,19994
769,blr,Belarus,2023,39981,405,0,40386,0,40386,15071,11837,26908,26908
770,blr,Belarus,2024,43397,1224,0,44621,0,44621,17704,12787,30491,30491
771,bel,Belgium,1951,55000,0,0,55000,0,55000,0,0,0,0
772,bel,Belgium,1952,53500,0,0,53500,0,53500,0,0,0,0
773,bel,Belgium,1953,53000,0,0,53000,0,53000,0,0,0,0
774,bel,Belgium,1954,53000,0,0,53000,0,53000,0,0,0,0
775,bel,Belgium,1955,53000,0,0,53000,0,53000,0,0,0,0
776,bel,Belgium,1956,65000,0,0,65000,0,65000,0,0,0,0
777,bel,Belgium,1957,69000,0,0,69000,0,69000,0,0,0,0
778,bel,Belgium,1958,63000,0,0,63000,0,63000,0,0,0,0
779,bel,Belgium,1959,58000,0,0,58000,0,58000,0,0,0,0
780,bel,Belgium,1960,55000,0,0,55000,0,55000,0,0,0,0
781,bel,Belgium,1961,53000,0,0,53000,0,53000,0,0,0,0
782,bel,Belgium,1962,51000,0,0,51000,0,51000,0,0,0,0
783,bel,Belgium,1963,50000,0,0,50000,0,50000,0,0,0,0
784,bel,Belgium,1964,47000,0,0,47000,0,47000,0,0,0,0
785,bel,Belgium,1965,47000,0,0,47000,0,47000,0,0,0,0
786,bel,Belgium,1966,40000,0,0,40000,0,40000,0,0,0,0
787,bel,Belgium,1967,34000,0,0,34000,0,34000,0,0,0,0
788,bel,Belgium,1968,33000,0,0,33000,0,33000,0,0,0,0
789,bel,Belgium,1969,30000,0,0,30000,0,30000,0,0,0,0
790,bel,Belgium,1970,31500,0,0,31500,0,31500,0,0,0,0
791,bel,Belgium,1971,29000,0,0,29000,0,29000,0,0,0,0
792,bel,Belgium,1972,29000,0,0,29000,0,29000,0,0,0,0
793,bel,Belgium,1973,20000,0,0,20000,0,20000,0,0,0,0
794,bel,Belgium,1974,11100,0,0,11100,0,11100,0,0,0,0
795,bel,Belgium,1975,16788,0,0,16788,0,16788,0,0,0,0
796,bel,Belgium,1976,17000,0,0,17000,0,17000,0,0,0,0
797,bel,Belgium,1977,17000,0,0,17000,0,17000,0,0,0,0
798,bel,Belgium,1978,17000,0,0,17000,0,17000,0,0,0,0
799,bel,Belgium,1979,32000,0,0,32000,0,32000,0,0,0,0
800,bel,Belgium,1980,33000,0,0,33000,0,33000,0,0,0,0
801,bel,Belgium,1981,35000,0,0,35000,0,35000,0,0,0,0
802,bel,Belgium,1982,21000,0,0,21000,0,21000,0,0,0,0
803,bel,Belgium,1983,35000,0,0,35000,0,35000,0,0,0,0
804,bel,Belgium,1984,36400,0,0,36400,0,36400,0,0,0,0
805,bel,Belgium,1985,36600,0,0,36600,0,36600,0,0,0,0
806,bel,Belgium,1986,35900,0,0,35900,0,35900,0,0,0,0
807,bel,Belgium,1987,22000,0,0,22000,0,22000,0,0,0,0
808,bel,Belgium,1988,23117,0,0,23117,0,23117,0,0,0,0
809,bel,Belgium,1989,25531,0,0,25531,0,25531,0,0,0,0
810,bel,Belgium,1990,25911,0,0,25911,0,25911,0,0,0,0
811,bel,Belgium,1991,24071,0,0,24071,0,24071,0,0,0,0
812,bel,Belgium,1992,24292,0,0,24292,0,24292,0,0,0,0
813,bel,Belgium,1993,24908,0,0,24908,0,24908,0,0,0,0
814,bel,Belgium,1994,19497,0,0,19497,0,19497,0,0,0,0
815,bel,Belgium,1995,31691,0,0,31691,0,31691,5,0,5,5
816,bel,Belgium,1996,36060,0,0,36060,0,36060,5,0,5,5
817,bel,Belgium,1997,36060,0,0,36060,0,36060,9,0,9,9
818,bel,Belgium,1998,15501,0,0,15501,0,15501,14,0,14,14
819,bel,Belgium,1999,16747,0,0,16747,0,16747,15,0,15,15
820,bel,Belgium,2000,18821,46240,0,65061,0,65061,20,20,40,40
821,bel,Belgium,2001,12252,664,0,12916,0,12916,11,18,29,29
822,bel,Belgium,2002,12560,20027,0,32587,0,32587,21,24,45,45
823,bel,Belgium,2003,12583,22582,0,35165,0,35165,40,11,51,51
824,bel,Belgium,2004,13522,22857,0,36379,0,36379,41,17,58,58
825,bel,Belgium,2005,15277,18895,0,34172,0,34172,95,20,115,115
826,bel,Belgium,2006,16811,15715,0,32526,0,32526,63,35,98,98
827,bel,Belgium,2007,17578,15247,0,32825,0,32825,53,10,63,63
828,bel,Belgium,2008,17025,14261,0,31286,0,31286,58,27,85,85
829,bel,Belgium,2009,15536,18233,0,33769,0,33769,66,24,90,90
830,bel,Belgium,2010,17891,18288,0,36179,0,36179,80,6,86,86
831,bel,Belgium,2011,22396,19006,0,41402,0,41402,88,0,88,88
832,bel,Belgium,2012,22023,15023,0,37046,0,37046,91,13,104,104
833,bel,Belgium,2013,25617,11479,0,37096,0,37096,76,31,107,107
834,bel,Belgium,2014,29170,9943,0,39113,0,39113,76,21,97,97
835,bel,Belgium,2015,35302,35996,0,71298,0,71298,66,37,103,103
836,bel,Belgium,2016,42158,24098,0,66256,0,66256,44,20,64,64
837,bel,Belgium,2017,42158,18760,0,60918,0,60918,52,37,89,89
838,bel,Belgium,2018,42158,19550,0,61708,0,61708,50,79,129,129
839,bel,Belgium,2019,61662,10862,10933,83457,0,83457,34,105,139,139
840,bel,Belgium,2020,64973,29305,940,95218,0,95218,28,62,90,90
841,bel,Belgium,2021,74063,28955,854,103872,0,103872,29,89,123,123
842,bel,Belgium,2022,150713,41810,695,193218,0,193218,28,86,114,114
843,bel,Belgium,2023,167831,44600,679,213110,0,213110,53,149,202,202
844,bel,Belgium,2024,183551,53138,619,237308,0,237308,93,187,280,280
845,blz,Belize,1980,4000,0,0,4000,0,4000,0,0,0,0
846,blz,Belize,1981,7000,0,0,7000,0,7000,0,0,0,0
847,blz,Belize,1982,3120,0,0,3120,0,3120,0,0,0,0
848,blz,Belize,1983,7000,0,0,7000,0,7000,0,0,0,0
849,blz,Belize,1984,8180,0,0,8180,0,8180,0,0,0,0
850,blz,Belize,1985,9000,0,0,9000,0,9000,0,0,0,0
851,blz,Belize,1986,9000,0,0,9000,0,9000,0,0,0,0
852,blz,Belize,1987,10000,0,0,10000,0,10000,0,0,0,0
853,blz,Belize,1988,30100,0,0,30100,0,30100,0,0,0,0
854,blz,Belize,1989,30150,0,0,30150,0,30150,0,0,0,0
855,blz,Belize,1990,30657,0,0,30657,0,30657,0,0,0,0
856,blz,Belize,1991,29969,0,0,29969,0,29969,0,0,0,0
857,blz,Belize,1992,20351,0,0,20351,0,20351,0,0,0,0
858,blz,Belize,1993,8912,0,0,8912,0,8912,0,0,0,0
859,blz,Belize,1994,8857,0,0,8857,0,8857,8,0,8,8
860,blz,Belize,1995,8750,0,0,8750,0,8750,8,0,8,8
861,blz,Belize,1996,8534,0,0,8534,0,8534,5,0,5,5
862,blz,Belize,1997,8387,0,0,8387,0,8387,0,0,0,0
863,blz,Belize,1998,3483,0,20000,23483,0,23483,0,0,0,0
864,blz,Belize,1999,2891,0,20000,22891,0,22891,11,0,11,11
865,blz,Belize,2000,1248,32,8526,9806,0,9806,12,14,26,26
866,blz,Belize,2001,1128,20,0,1148,0,1148,0,30,30,30
867,blz,Belize,2002,1048,8,0,1056,0,1056,0,33,33,33
868,blz,Belize,2003,861,5,0,866,0,866,9,28,37,37
869,blz,Belize,2004,732,26,0,758,0,758,6,23,29,29
870,blz,Belize,2005,624,14,0,638,0,638,5,24,29,29
871,blz,Belize,2006,488,0,0,488,0,488,13,14,27,27
872,blz,Belize,2007,358,0,0,358,0,358,13,10,23,23
873,blz,Belize,2008,277,10,0,287,0,287,18,17,35,35
874,blz,Belize,2009,230,25,0,255,0,255,16,16,32,32
875,blz,Belize,2010,134,31,0,165,0,165,21,10,31,31
876,blz,Belize,2011,78,56,0,134,0,134,29,14,43,43
877,blz,Belize,2012,27,75,0,102,0,102,35,5,40,40
878,blz,Belize,2013,21,62,0,83,0,83,37,53,90,90
879,blz,Belize,2014,10,114,0,124,0,124,42,83,125,125
880,blz,Belize,2015,34,716,57,807,0,807,48,96,201,201
881,blz,Belize,2016,0,2427,1709,4136,0,4136,58,160,218,218
882,blz,Belize,2017,0,3120,2774,5894,0,5894,64,206,270,270
883,blz,Belize,2018,29,3305,2774,6108,0,6108,68,219,287,287
884,blz,Belize,2019,29,2144,3390,5563,0,5563,73,278,351,351
885,blz,Belize,2020,29,2249,3390,5668,0,5668,68,314,382,382
886,blz,Belize,2021,86,2015,3452,5553,0,5553,81,369,450,450
887,blz,Belize,2022,145,1982,9452,11579,0,11579,65,481,546,546
888,blz,Belize,2023,214,1973,9452,11639,0,11639,72,976,1048,1048
889,blz,Belize,2024,286,2001,0,2287,0,2287,104,1400,1504,1504
890,ben,Benin,1969,1100,0,0,1100,0,1100,0,0,0,0
891,ben,Benin,1970,0,0,0,0,0,0,0,0,0,0
892,ben,Benin,1971,0,0,0,0,0,0,0,0,0,0
893,ben,Benin,1972,0,0,0,0,0,0,0,0,0,0
894,ben,Benin,1973,0,0,0,0,0,0,0,0,0,0
895,ben,Benin,1974,0,0,0,0,0,0,0,0,0,0
896,ben,Benin,1975,0,0,0,0,0,0,0,0,0,0
897,ben,Benin,1976,0,0,0,0,0,0,100,0,100,100
898,ben,Benin,1977,0,0,0,0,0,0,0,0,0,0
899,ben,Benin,1978,0,0,0,0,0,0,200,0,200,200
900,ben,Benin,1979,0,0,0,0,0,0,200,0,200,200
901,ben,Benin,1980,0,0,0,0,0,0,0,0,0,0
902,ben,Benin,1981,0,0,0,0,0,0,0,0,0,0
903,ben,Benin,1982,0,0,0,0,0,0,0,0,0,0
904,ben,Benin,1983,50,0,0,50,0,50,0,0,0,0
905,ben,Benin,1984,800,0,0,800,0,800,0,0,0,0
906,ben,Benin,1985,3700,0,0,3700,0,3700,0,0,0,0
907,ben,Benin,1986,3740,0,0,3740,0,3740,50,0,50,50
908,ben,Benin,1987,3050,0,0,3050,0,3050,50,0,50,50
909,ben,Benin,1988,1176,0,0,1176,0,1176,50,0,50,50
910,ben,Benin,1989,858,0,0,858,0,858,60,0,60,60
911,ben,Benin,1990,456,0,0,456,0,456,0,0,0,0
912,ben,Benin,1991,456,0,0,456,0,456,0,0,0,0
913,ben,Benin,1992,293,0,0,293,0,293,0,0,0,0
914,ben,Benin,1993,156239,0,0,156239,0,156239,62,0,62,62
915,ben,Benin,1994,70403,0,0,70403,0,70403,72,0,72,72
916,ben,Benin,1995,23843,0,0,23843,0,23843,50,0,50,50
917,ben,Benin,1996,5961,0,0,5961,0,5961,42,0,42,42
918,ben,Benin,1997,2914,0,0,2914,0,2914,41,0,41,41
919,ben,Benin,1998,2898,0,0,2898,0,2898,45,0,45,45
920,ben,Benin,1999,3652,0,0,3652,0,3652,44,0,44,44
921,ben,Benin,2000,4290,58,0,4348,0,4348,47,148,195,195
922,ben,Benin,2001,4794,208,0,5002,0,5002,52,182,234,234
923,ben,Benin,2002,5014,311,0,5325,0,5325,228,226,454,454
924,ben,Benin,2003,5032,804,0,5836,0,5836,274,247,521,521
925,ben,Benin,2004,4800,1040,0,5840,0,5840,299,211,510,510
926,ben,Benin,2005,30288,1682,0,31970,0,31970,402,272,674,674
927,ben,Benin,2006,10785,1338,0,12123,0,12123,207,154,361,361
928,ben,Benin,2007,7611,527,0,8138,0,8138,265,155,420,420
929,ben,Benin,2008,6927,197,0,7124,0,7124,315,179,494,494
930,ben,Benin,2009,7204,122,0,7326,0,7326,409,199,608,608
931,ben,Benin,2010,7136,93,0,7229,0,7229,438,225,663,663
932,ben,Benin,2011,7213,354,0,7567,0,7567,460,269,729,729
933,ben,Benin,2012,4960,133,0,5093,0,5093,451,428,879,879
934,ben,Benin,2013,190,106,0,296,0,296,294,501,795,795
935,ben,Benin,2014,414,68,0,482,0,482,330,684,1014,1014
936,ben,Benin,2015,526,176,0,702,0,702,400,1141,1547,1547
937,ben,Benin,2016,804,224,0,1028,0,1028,479,1145,1630,1630
938,ben,Benin,2017,1056,262,0,1318,0,1318,572,1131,1709,1709
939,ben,Benin,2018,1167,308,0,1475,0,1475,659,1078,1743,1743
940,ben,Benin,2019,1238,373,0,1611,0,1611,721,1214,1941,1941
941,ben,Benin,2020,1396,464,0,1860,0,1860,606,1350,1968,1968
942,ben,Benin,2021,1736,506,0,2242,0,2242,730,1382,2112,2112
943,ben,Benin,2022,1779,1460,0,3239,0,3239,811,1407,2218,2218
944,ben,Benin,2023,2825,10133,0,12958,8785,21743,905,2816,3721,12506
945,ben,Benin,2024,16232,6993,0,23225,8785,32010,1064,3725,4789,13574
946,btn,Bhutan,1966,3000,0,0,3000,0,3000,0,0,0,0
947,btn,Bhutan,1967,0,0,0,0,0,0,0,0,0,0
948,btn,Bhutan,1968,0,0,0,0,0,0,0,0,0,0
949,btn,Bhutan,1969,0,0,0,0,0,0,0,0,0,0
950,btn,Bhutan,1970,0,0,0,0,0,0,0,0,0,0
951,btn,Bhutan,1971,0,0,0,0,0,0,0,0,0,0
952,btn,Bhutan,1972,0,0,0,0,0,0,0,0,0,0
953,btn,Bhutan,1973,0,0,0,0,0,0,0,0,0,0
954,btn,Bhutan,1974,0,0,0,0,0,0,0,0,0,0
955,btn,Bhutan,1975,0,0,0,0,0,0,0,0,0,0
956,btn,Bhutan,1976,0,0,0,0,0,0,0,0,0,0
957,btn,Bhutan,1977,0,0,0,0,0,0,0,0,0,0
958,btn,Bhutan,1978,0,0,0,0,0,0,0,0,0,0
959,btn,Bhutan,1979,0,0,0,0,0,0,0,0,0,0
960,btn,Bhutan,1980,0,0,0,0,0,0,0,0,0,0
961,btn,Bhutan,1981,0,0,0,0,0,0,0,0,0,0
962,btn,Bhutan,1982,0,0,0,0,0,0,0,0,0,0
963,btn,Bhutan,1983,0,0,0,0,0,0,0,0,0,0
964,btn,Bhutan,1984,0,0,0,0,0,0,0,0,0,0
965,btn,Bhutan,1985,0,0,0,0,0,0,0,0,0,0
966,btn,Bhutan,1986,0,0,0,0,0,0,0,0,0,0
967,btn,Bhutan,1987,0,0,0,0,0,0,0,0,0,0
968,btn,Bhutan,1988,0,0,0,0,0,0,0,0,0,0
969,btn,Bhutan,1989,0,0,0,0,0,0,0,0,0,0
970,btn,Bhutan,1990,0,0,0,0,0,0,0,0,0,0
971,btn,Bhutan,1991,0,0,0,0,0,0,9504,0,9504,9504
972,btn,Bhutan,1992,0,0,0,0,0,0,75442,0,75442,75442
973,btn,Bhutan,1993,0,0,0,0,0,0,85334,0,85334,85334
974,btn,Bhutan,1994,0,0,0,0,0,0,103270,0,103270,103270
975,btn,Bhutan,1995,0,0,0,0,0,0,104746,0,104746,104746
976,btn,Bhutan,1996,0,0,0,0,0,0,106820,0,106820,106820
977,btn,Bhutan,1997,0,0,0,0,0,0,108702,0,108702,108702
978,btn,Bhutan,1998,0,0,0,0,0,0,105690,0,105690,105690
979,btn,Bhutan,1999,0,0,0,0,0,0,107619,0,107619,107619
980,btn,Bhutan,2000,0,0,0,0,0,0,108943,46,108989,108989
981,btn,Bhutan,2001,0,0,0,0,0,0,110844,65,110909,110909
982,btn,Bhutan,2002,0,0,0,0,0,0,112524,55,112579,112579
983,btn,Bhutan,2003,0,0,0,0,0,0,103977,242,114219,114219
984,btn,Bhutan,2004,0,0,0,0,0,0,105259,482,115741,115741
985,btn,Bhutan,2005,0,0,0,0,0,0,106539,1105,117644,117644
986,btn,Bhutan,2006,0,0,0,0,0,0,108069,1453,119522,119522
987,btn,Bhutan,2007,0,0,0,0,0,0,110593,1637,112230,112230
988,btn,Bhutan,2008,0,0,0,0,0,0,104960,1094,106054,106054
989,btn,Bhutan,2009,0,0,0,0,0,0,89064,1013,90077,90077
990,btn,Bhutan,2010,0,0,0,0,0,0,75062,1009,76071,76071
991,btn,Bhutan,2011,0,0,0,0,0,0,57980,1014,58994,58994
992,btn,Bhutan,2012,0,0,0,0,0,0,41582,99,41681,41681
993,btn,Bhutan,2013,0,0,0,0,0,0,31556,157,31713,31713
994,btn,Bhutan,2014,0,0,0,0,0,0,23633,190,23823,23823
995,btn,Bhutan,2015,0,0,0,0,0,0,17709,223,17932,17932
996,btn,Bhutan,2016,0,0,0,0,0,0,11757,277,12034,12034
997,btn,Bhutan,2017,0,0,0,0,0,0,7954,400,8354,8354
998,btn,Bhutan,2018,0,0,0,0,0,0,7100,390,7490,7490
999,btn,Bhutan,2019,0,0,0,0,0,0,6839,413,7252,7252
1000,btn,Bhutan,2020,0,0,0,0,0,0,6741,411,7152,7152
1001,btn,Bhutan,2021,0,0,0,0,0,0,6702,487,7189,7189
1002,btn,Bhutan,2022,0,0,0,0,0,0,6688,465,7153,7153
1003,btn,Bhutan,2023,0,0,0,0,0,0,6676,468,7144,7144
1004,btn,Bhutan,2024,0,0,0,0,0,0,7433,523,7956,7956
1005,bol,Bolivia,1970,0,0,0,0,0,0,1400,0,1400,1400
1006,bol,Bolivia,1971,0,0,0,0,0,0,2930,0,2930,2930
1007,bol,Bolivia,1972,700,0,0,700,0,700,1730,0,1730,1730
1008,bol,Bolivia,1973,700,0,0,700,0,700,0,0,0,0
1009,bol,Bolivia,1974,700,0,0,700,0,700,1650,0,1650,1650
1010,bol,Bolivia,1975,0,0,0,0,0,0,90,0,90,90
1011,bol,Bolivia,1976,0,0,0,0,0,0,60,0,60,60
1012,bol,Bolivia,1977,0,0,0,0,0,0,0,0,0,0
1013,bol,Bolivia,1978,500,0,0,500,0,500,0,0,0,0
1014,bol,Bolivia,1979,500,0,0,500,0,500,0,0,0,0
1015,bol,Bolivia,1980,500,0,0,500,0,500,170,0,170,170
1016,bol,Bolivia,1981,500,0,0,500,0,500,100,0,100,100
1017,bol,Bolivia,1982,0,0,0,0,0,0,270,0,270,270
1018,bol,Bolivia,1983,0,0,0,0,0,0,0,0,0,0
1019,bol,Bolivia,1984,0,0,0,0,0,0,0,0,0,0
1020,bol,Bolivia,1985,170,0,0,170,0,170,0,0,0,0
1021,bol,Bolivia,1986,120,0,0,120,0,120,0,0,0,0
1022,bol,Bolivia,1987,170,0,0,170,0,170,0,0,0,0
1023,bol,Bolivia,1988,220,0,0,220,0,220,0,0,0,0
1024,bol,Bolivia,1989,270,0,0,270,0,270,26,0,26,26
1025,bol,Bolivia,1990,200,0,0,200,0,200,729,0,729,729
1026,bol,Bolivia,1991,341,0,0,341,0,341,67,0,67,67
1027,bol,Bolivia,1992,491,0,0,491,0,491,28,0,28,28
1028,bol,Bolivia,1993,669,0,0,669,0,669,40,0,40,40
1029,bol,Bolivia,1994,734,0,0,734,0,734,177,0,177,177
1030,bol,Bolivia,1995,680,0,0,680,0,680,180,0,180,180
1031,bol,Bolivia,1996,697,0,0,697,0,697,177,0,177,177
1032,bol,Bolivia,1997,331,0,0,331,0,331,163,0,163,163
1033,bol,Bolivia,1998,345,0,0,345,0,345,187,0,187,187
1034,bol,Bolivia,1999,349,0,0,349,0,349,176,0,176,176
1035,bol,Bolivia,2000,352,0,0,352,0,352,177,121,298,298
1036,bol,Bolivia,2001,348,5,0,353,0,353,157,160,317,317
1037,bol,Bolivia,2002,352,20,0,372,0,372,215,492,707,707
1038,bol,Bolivia,2003,525,0,0,525,0,525,260,485,745,745
1039,bol,Bolivia,2004,524,18,0,542,0,542,280,380,660,660
1040,bol,Bolivia,2005,532,0,0,532,0,532,263,352,615,615
1041,bol,Bolivia,2006,562,16,0,578,0,578,371,424,795,795
1042,bol,Bolivia,2007,619,156,0,775,0,775,423,421,844,844
1043,bol,Bolivia,2008,649,84,0,733,0,733,455,153,608,608
1044,bol,Bolivia,2009,664,33,0,697,0,697,570,162,732,732
1045,bol,Bolivia,2010,680,43,0,723,0,723,589,134,723,723
1046,bol,Bolivia,2011,701,17,0,718,0,718,615,152,767,767
1047,bol,Bolivia,2012,717,8,0,725,0,725,616,162,778,778
1048,bol,Bolivia,2013,734,5,0,739,0,739,594,201,795,795
1049,bol,Bolivia,2014,751,16,0,767,0,767,594,262,856,856
1050,bol,Bolivia,2015,762,0,0,762,0,762,566,342,908,908
1051,bol,Bolivia,2016,776,0,0,776,0,776,530,411,941,941
1052,bol,Bolivia,2017,802,34,0,836,0,836,520,865,1385,1385
1053,bol,Bolivia,2018,802,34,0,836,0,836,502,1004,1506,1506
1054,bol,Bolivia,2019,863,242,0,1105,0,1105,514,1238,1752,1752
1055,bol,Bolivia,2020,1116,157,0,1273,0,1273,535,1370,1905,1905
1056,bol,Bolivia,2021,1116,27,0,1143,0,1143,549,1830,2379,2379
1057,bol,Bolivia,2022,1116,61,0,1177,0,1177,578,2324,2902,2902
1058,bol,Bolivia,2023,1117,76,0,1193,0,1193,468,4467,4935,4935
1059,bol,Bolivia,2024,1117,46,13501,14664,0,14664,612,7080,7692,7692
1060,bih,Bosnia and Herzegovina,1992,0,0,0,0,0,0,437501,0,437501,437501
1061,bih,Bosnia and Herzegovina,1993,0,0,0,0,1290000,1290000,618428,0,618428,1908428
1062,bih,Bosnia and Herzegovina,1994,0,0,0,0,1282600,1282600,776090,0,776090,2058690
1063,bih,Bosnia and Herzegovina,1995,0,0,0,0,1097800,1097800,769753,0,769753,1867553
1064,bih,Bosnia and Herzegovina,1996,0,0,0,0,760146,760146,993868,0,993868,1754014
1065,bih,Bosnia and Herzegovina,1997,40000,0,0,40000,816000,856000,849240,0,849240,1665240
1066,bih,Bosnia and Herzegovina,1998,40000,0,0,40000,836430,876430,640077,0,640077,1476507
1067,bih,Bosnia and Herzegovina,1999,65645,0,0,65645,809545,875190,598193,0,598193,1407738
1068,bih,Bosnia and Herzegovina,2000,38150,73,0,38223,518252,556475,504980,4305,509285,1027537
1069,bih,Bosnia and Herzegovina,2001,32744,382,0,33126,438253,471379,447326,4182,451508,889761
1070,bih,Bosnia and Herzegovina,2002,28020,453,0,28473,367491,395964,406456,5928,412384,779875
1071,bih,Bosnia and Herzegovina,2003,22515,695,0,23210,327188,350398,300012,2192,302204,629392
1072,bih,Bosnia and Herzegovina,2004,22209,456,0,22665,309240,331905,228813,1184,229997,539237
1073,bih,Bosnia and Herzegovina,2005,10566,210,0,10776,182747,193523,109931,1816,111747,294494
1074,bih,Bosnia and Herzegovina,2006,10315,91,0,10406,135500,145906,199948,1685,201633,337133
1075,bih,Bosnia and Herzegovina,2007,7364,616,0,7980,130984,138964,78267,1109,79376,210360
1076,bih,Bosnia and Herzegovina,2008,7254,471,50496,58221,124529,182750,74358,1162,126016,250545
1077,bih,Bosnia and Herzegovina,2009,7130,350,50874,58354,113642,171996,70006,1147,122027,235669
1078,bih,Bosnia and Herzegovina,2010,7014,149,52713,59876,113365,173241,62996,1342,117226,230591
1079,bih,Bosnia and Herzegovina,2011,6932,32,52529,59493,113000,172493,58572,1949,114555,227555
1080,bih,Bosnia and Herzegovina,2012,6904,31,52717,59652,103449,163101,51815,2791,109398,212847
1081,bih,Bosnia and Herzegovina,2013,6924,34,52437,59395,84500,143895,26787,4140,86161,170661
1082,bih,Bosnia and Herzegovina,2014,6883,7,52437,59327,84500,143827,21883,6566,80886,165386
1083,bih,Bosnia and Herzegovina,2015,6789,20,52437,59246,98324,157570,18763,7015,78215,176539
1084,bih,Bosnia and Herzegovina,2016,5266,51,52437,57754,98324,156078,18194,3108,73739,172063
1085,bih,Bosnia and Herzegovina,2017,5224,223,48907,54354,98574,152928,17690,1886,68483,167057
1086,bih,Bosnia and Herzegovina,2018,5227,1003,48907,55137,96830,151967,16956,1619,67482,164312
1087,bih,Bosnia and Herzegovina,2019,5241,725,53728,59694,96421,156115,16556,1487,66950,163371
1088,bih,Bosnia and Herzegovina,2020,5232,256,7645,13133,96305,109438,15578,1358,18064,114369
1089,bih,Bosnia and Herzegovina,2021,240,150,2337,2727,96305,99032,18189,1631,20001,116306
1090,bih,Bosnia and Herzegovina,2022,274,66,1290,1630,96305,97935,19466,1500,20975,117280
1091,bih,Bosnia and Herzegovina,2023,348,81,2545,2974,91223,94197,19318,1313,20631,111854
1092,bih,Bosnia and Herzegovina,2024,495,190,673,1358,94796,96154,26821,961,27782,122578
1093,bwa,Botswana,1968,3980,0,0,3980,0,3980,0,0,0,0
1094,bwa,Botswana,1969,3600,0,0,3600,0,3600,0,0,0,0
1095,bwa,Botswana,1970,4360,0,0,4360,0,4360,0,0,0,0
1096,bwa,Botswana,1971,8890,0,0,8890,0,8890,0,0,0,0
1097,bwa,Botswana,1972,4500,0,0,4500,0,4500,0,0,0,0
1098,bwa,Botswana,1973,4500,0,0,4500,0,4500,0,0,0,0
1099,bwa,Botswana,1974,2480,0,0,2480,0,2480,0,0,0,0
1100,bwa,Botswana,1975,2400,0,0,2400,0,2400,0,0,0,0
1101,bwa,Botswana,1976,2840,0,0,2840,0,2840,0,0,0,0
1102,bwa,Botswana,1977,4810,0,0,4810,0,4810,0,0,0,0
1103,bwa,Botswana,1978,19000,0,0,19000,0,19000,0,0,0,0
1104,bwa,Botswana,1979,23290,0,0,23290,0,23290,0,0,0,0
1105,bwa,Botswana,1980,1300,0,0,1300,0,1300,0,0,0,0
1106,bwa,Botswana,1981,1290,0,0,1290,0,1290,0,0,0,0
1107,bwa,Botswana,1982,1300,0,0,1300,0,1300,0,0,0,0
1108,bwa,Botswana,1983,4600,0,0,4600,0,4600,0,0,0,0
1109,bwa,Botswana,1984,4970,0,0,4970,0,4970,0,0,0,0
1110,bwa,Botswana,1985,5680,0,0,5680,0,5680,0,0,0,0
1111,bwa,Botswana,1986,4830,0,0,4830,0,4830,0,0,0,0
1112,bwa,Botswana,1987,5300,0,0,5300,0,5300,0,0,0,0
1113,bwa,Botswana,1988,2325,0,0,2325,0,2325,0,0,0,0
1114,bwa,Botswana,1989,1261,0,0,1261,0,1261,5,0,5,5
1115,bwa,Botswana,1990,1178,0,0,1178,0,1178,5,0,5,5
1116,bwa,Botswana,1991,1054,0,0,1054,0,1054,5,0,5,5
1117,bwa,Botswana,1992,497,0,0,497,0,497,5,0,5,5
1118,bwa,Botswana,1993,517,0,0,517,0,517,5,0,5,5
1119,bwa,Botswana,1994,503,0,0,503,0,503,22,0,22,22
1120,bwa,Botswana,1995,266,0,0,266,0,266,27,0,27,27
1121,bwa,Botswana,1996,211,0,0,211,0,211,22,0,22,22
1122,bwa,Botswana,1997,280,0,0,280,0,280,16,0,16,16
1123,bwa,Botswana,1998,2133,0,0,2133,0,2133,16,0,16,16
1124,bwa,Botswana,1999,1291,0,0,1291,0,1291,10,0,10,10
1125,bwa,Botswana,2000,3549,65,0,3614,0,3614,5,0,5,5
1126,bwa,Botswana,2001,3577,716,0,4293,0,4293,0,5,5,5
1127,bwa,Botswana,2002,2798,974,0,3772,0,3772,5,10,15,15
1128,bwa,Botswana,2003,2831,1075,0,3906,0,3906,5,16,21,21
1129,bwa,Botswana,2004,2831,1030,0,3861,0,3861,5,7,12,12
1130,bwa,Botswana,2005,3101,52,0,3153,0,3153,0,8,8,8
1131,bwa,Botswana,2006,3154,0,0,3154,0,3154,10,27,37,37
1132,bwa,Botswana,2007,2462,5,473,2940,0,2940,16,53,69,69
1133,bwa,Botswana,2008,3020,181,0,3201,0,3201,29,148,177,177
1134,bwa,Botswana,2009,3023,202,0,3225,0,3225,32,195,227,227
1135,bwa,Botswana,2010,2983,251,0,3234,0,3234,56,185,241,241
1136,bwa,Botswana,2011,3312,244,0,3556,0,3556,88,168,256,256
1137,bwa,Botswana,2012,2784,212,443,3439,0,3439,125,126,251,251
1138,bwa,Botswana,2013,2771,173,49,2993,0,2993,165,101,266,266
1139,bwa,Botswana,2014,2642,195,0,2837,0,2837,234,69,303,303
1140,bwa,Botswana,2015,2127,133,0,2260,0,2260,306,73,379,379
1141,bwa,Botswana,2016,2090,78,660,2828,0,2828,265,127,392,392
1142,bwa,Botswana,2017,2116,65,293,2474,0,2474,279,95,374,374
1143,bwa,Botswana,2018,2044,268,6,2318,0,2318,289,89,378,378
1144,bwa,Botswana,2019,1113,150,6,1269,0,1269,228,139,367,367
1145,bwa,Botswana,2020,617,422,6,1045,0,1045,191,134,325,325
1146,bwa,Botswana,2021,688,58,12,758,0,758,122,213,335,335
1147,bwa,Botswana,2022,733,97,70,900,0,900,81,686,795,795
1148,bwa,Botswana,2023,761,97,71,929,0,929,150,1389,1567,1567
1149,bwa,Botswana,2024,816,7,71,894,0,894,249,1331,1609,1609
1150,bra,Brazil,1969,40000,0,0,40000,0,40000,0,0,0,0
1151,bra,Brazil,1970,40000,0,0,40000,0,40000,0,0,0,0
1152,bra,Brazil,1971,38000,0,0,38000,0,38000,2000,0,2000,2000
1153,bra,Brazil,1972,37000,0,0,37000,0,37000,2000,0,2000,2000
1154,bra,Brazil,1973,35200,0,0,35200,0,35200,0,0,0,0
1155,bra,Brazil,1974,34000,0,0,34000,0,34000,0,0,0,0
1156,bra,Brazil,1975,32000,0,0,32000,0,32000,0,0,0,0
1157,bra,Brazil,1976,30000,0,0,30000,0,30000,0,0,0,0
1158,bra,Brazil,1977,36000,0,0,36000,0,36000,0,0,0,0
1159,bra,Brazil,1978,35000,0,0,35000,0,35000,0,0,0,0
1160,bra,Brazil,1979,25000,0,0,25000,0,25000,0,0,0,0
1161,bra,Brazil,1980,24000,0,0,24000,0,24000,5,0,5,5
1162,bra,Brazil,1981,24000,0,0,24000,0,24000,5,0,5,5
1163,bra,Brazil,1982,5400,0,0,5400,0,5400,5,0,5,5
1164,bra,Brazil,1983,5400,0,0,5400,0,5400,5,0,5,5
1165,bra,Brazil,1984,5300,0,0,5300,0,5300,5,0,5,5
1166,bra,Brazil,1985,5300,0,0,5300,0,5300,5,0,5,5
1167,bra,Brazil,1986,5300,0,0,5300,0,5300,5,0,5,5
1168,bra,Brazil,1987,5280,0,0,5280,0,5280,0,0,0,0
1169,bra,Brazil,1988,5332,0,0,5332,0,5332,0,0,0,0
1170,bra,Brazil,1989,5331,0,0,5331,0,5331,6,0,6,6
1171,bra,Brazil,1990,5335,0,0,5335,0,5335,15,0,15,15
1172,bra,Brazil,1991,5389,0,0,5389,0,5389,11,0,11,11
1173,bra,Brazil,1992,5439,0,0,5439,0,5439,11,0,11,11
1174,bra,Brazil,1993,6198,0,0,6198,0,6198,9,0,9,9
1175,bra,Brazil,1994,2223,0,0,2223,0,2223,41,0,41,41
1176,bra,Brazil,1995,2050,0,0,2050,0,2050,52,0,52,52
1177,bra,Brazil,1996,2212,0,0,2212,0,2212,84,0,84,84
1178,bra,Brazil,1997,2260,0,0,2260,0,2260,103,0,103,103
1179,bra,Brazil,1998,2345,0,0,2345,0,2345,134,0,134,134
1180,bra,Brazil,1999,2374,0,0,2374,0,2374,194,0,194,194
1181,bra,Brazil,2000,2718,528,0,3246,0,3246,220,649,869,869
1182,bra,Brazil,2001,2877,642,0,3519,0,3519,251,794,1045,1045
1183,bra,Brazil,2002,3176,549,0,3725,0,3725,438,1149,1587,1587
1184,bra,Brazil,2003,3190,551,0,3741,0,3741,377,1266,1643,1643
1185,bra,Brazil,2004,3333,424,0,3757,0,3757,401,1011,1412,1412
1186,bra,Brazil,2005,3446,176,4000,7622,0,7622,370,590,960,960
1187,bra,Brazil,2006,3478,374,17000,20852,0,20852,703,429,1132,1132
1188,bra,Brazil,2007,20764,404,0,21168,0,21168,1623,298,1921,1921
1189,bra,Brazil,2008,3831,496,0,4327,0,4327,1401,356,1757,1757
1190,bra,Brazil,2009,4218,162,0,4380,0,4380,973,361,1334,1334
1191,bra,Brazil,2010,4346,852,0,5198,0,5198,991,241,1232,1232
1192,bra,Brazil,2011,4466,4644,0,9110,0,9110,1040,197,1237,1237
1193,bra,Brazil,2012,4681,1425,5580,11686,0,11686,1073,242,1315,1315
1194,bra,Brazil,2013,5185,4626,12318,22129,0,22129,982,551,1533,1533
1195,bra,Brazil,2014,7478,11200,29238,47916,0,47916,977,1190,2167,2167
1196,bra,Brazil,2015,8703,20798,6264,35765,0,35765,893,2151,3044,3044
1197,bra,Brazil,2016,9674,35451,22930,68055,0,68055,803,3760,4563,4563
1198,bra,Brazil,2017,10260,85739,52341,148340,0,148340,851,6786,7637,7637
1199,bra,Brazil,2018,11304,152670,0,163974,0,163974,1038,8570,9608,9608
1200,bra,Brazil,2019,32844,207294,0,240138,0,240138,1399,12034,13433,13433
1201,bra,Brazil,2020,59092,202661,0,261753,0,261753,1548,16857,18405,18405
1202,bra,Brazil,2021,61956,199233,0,261189,0,261189,1954,26440,28394,28394
1203,bra,Brazil,2022,67522,206764,0,274286,0,274286,2740,49183,55497,55497
1204,bra,Brazil,2023,235765,68101,0,303866,0,303866,3798,72234,77470,77470
1205,bra,Brazil,2024,257079,74018,496,331593,0,331593,5072,86150,91222,91222
1206,brn,Brunei,1995,0,0,0,0,0,0,5,0,5,5
1207,brn,Brunei,1996,0,0,0,0,0,0,0,0,0,0
1208,brn,Brunei,1997,0,0,0,0,0,0,0,0,0,0
1209,brn,Brunei,1998,0,0,0,0,0,0,0,0,0,0
1210,brn,Brunei,1999,0,0,0,0,0,0,0,0,0,0
1211,brn,Brunei,2000,0,0,0,0,0,0,0,0,0,0
1212,brn,Brunei,2001,0,0,0,0,0,0,0,0,0,0
1213,brn,Brunei,2002,0,0,0,0,0,0,0,0,0,0
1214,brn,Brunei,2003,0,0,0,0,0,0,0,0,0,0
1215,brn,Brunei,2004,0,0,0,0,0,0,0,0,0,0
1216,brn,Brunei,2005,0,0,0,0,0,0,47,0,47,47
1217,brn,Brunei,2006,0,0,0,0,0,0,0,0,0,0
1218,brn,Brunei,2007,0,0,0,0,0,0,0,0,0,0
1219,brn,Brunei,2008,0,0,0,0,0,0,0,0,0,0
1220,brn,Brunei,2009,0,0,0,0,0,0,0,0,0,0
1221,brn,Brunei,2010,0,0,0,0,0,0,0,0,0,0
1222,brn,Brunei,2011,0,0,0,0,0,0,0,0,0,0
1223,brn,Brunei,2012,0,0,0,0,0,0,0,0,0,0
1224,brn,Brunei,2013,0,0,0,0,0,0,0,0,0,0
1225,brn,Brunei,2014,0,0,0,0,0,0,0,0,0,0
1226,brn,Brunei,2015,0,0,0,0,0,0,0,5,5,5
1227,brn,Brunei,2016,0,0,0,0,0,0,0,5,5,5
1228,brn,Brunei,2017,0,0,0,0,0,0,0,9,9,9
1229,brn,Brunei,2018,0,0,0,0,0,0,0,0,0,0
1230,brn,Brunei,2019,0,0,0,0,0,0,0,10,10,10
1231,brn,Brunei,2020,0,0,0,0,0,0,0,10,10,10
1232,brn,Brunei,2021,0,0,0,0,0,0,0,5,5,5
1233,brn,Brunei,2022,0,0,0,0,0,0,0,14,14,14
1234,brn,Brunei,2023,0,0,0,0,0,0,0,24,24,24
1235,brn,Brunei,2024,0,0,0,0,0,0,0,71,71,71
1236,bgr,Bulgaria,1969,0,0,0,0,0,0,90,0,90,90
1237,bgr,Bulgaria,1970,0,0,0,0,0,0,320,0,320,320
1238,bgr,Bulgaria,1971,0,0,0,0,0,0,340,0,340,340
1239,bgr,Bulgaria,1972,0,0,0,0,0,0,340,0,340,340
1240,bgr,Bulgaria,1973,0,0,0,0,0,0,340,0,340,340
1241,bgr,Bulgaria,1974,0,0,0,0,0,0,300,0,300,300
1242,bgr,Bulgaria,1975,0,0,0,0,0,0,300,0,300,300
1243,bgr,Bulgaria,1976,0,0,0,0,0,0,0,0,0,0
1244,bgr,Bulgaria,1977,0,0,0,0,0,0,0,0,0,0
1245,bgr,Bulgaria,1978,0,0,0,0,0,0,290,0,290,290
1246,bgr,Bulgaria,1979,0,0,0,0,0,0,0,0,0,0
1247,bgr,Bulgaria,1980,0,0,0,0,0,0,329,0,329,329
1248,bgr,Bulgaria,1981,0,0,0,0,0,0,274,0,274,274
1249,bgr,Bulgaria,1982,0,0,0,0,0,0,257,0,257,257
1250,bgr,Bulgaria,1983,0,0,0,0,0,0,227,0,227,227
1251,bgr,Bulgaria,1984,0,0,0,0,0,0,183,0,183,183
1252,bgr,Bulgaria,1985,0,0,0,0,0,0,190,0,190,190
1253,bgr,Bulgaria,1986,0,0,0,0,0,0,160,0,160,160
1254,bgr,Bulgaria,1987,0,0,0,0,0,0,138,0,138,138
1255,bgr,Bulgaria,1988,0,0,0,0,0,0,898,0,898,898
1256,bgr,Bulgaria,1989,0,0,0,0,0,0,869,0,869,869
1257,bgr,Bulgaria,1990,0,0,0,0,0,0,1922,0,1922,1922
1258,bgr,Bulgaria,1991,0,0,0,0,0,0,2733,0,2733,2733
1259,bgr,Bulgaria,1992,218,0,0,218,0,218,2980,0,2980,2980
1260,bgr,Bulgaria,1993,443,0,0,443,0,443,3157,0,3157,3157
1261,bgr,Bulgaria,1994,1054,0,0,1054,0,1054,4692,0,4692,4692
1262,bgr,Bulgaria,1995,1318,0,0,1318,0,1318,4157,0,4157,4157
1263,bgr,Bulgaria,1996,1431,0,0,1431,0,1431,3246,0,3246,3246
1264,bgr,Bulgaria,1997,382,0,0,382,0,382,3049,0,3049,3049
1265,bgr,Bulgaria,1998,241,0,0,241,0,241,3121,0,3121,3121
1266,bgr,Bulgaria,1999,542,0,0,542,0,542,2652,0,2652,2652
1267,bgr,Bulgaria,2000,1470,1304,0,2774,0,2774,2404,1303,3707,3707
1268,bgr,Bulgaria,2001,2984,1534,0,4518,0,4518,2122,1507,3629,3629
1269,bgr,Bulgaria,2002,3642,1118,0,4760,0,4760,2843,1745,4588,4588
1270,bgr,Bulgaria,2003,4047,736,0,4783,0,4783,2565,1373,3938,3938
1271,bgr,Bulgaria,2004,4676,899,0,5575,0,5575,2227,1222,3449,3449
1272,bgr,Bulgaria,2005,4388,787,0,5175,0,5175,4250,1212,5462,5462
1273,bgr,Bulgaria,2006,4479,839,0,5318,0,5318,3431,821,4252,4252
1274,bgr,Bulgaria,2007,4808,1002,0,5810,0,5810,3306,407,3713,3713
1275,bgr,Bulgaria,2008,5108,1060,0,6168,0,6168,3036,295,3331,3331
1276,bgr,Bulgaria,2009,5375,1175,0,6550,0,6550,2743,434,3177,3177
1277,bgr,Bulgaria,2010,5519,1392,0,6911,0,6911,2558,124,2682,2682
1278,bgr,Bulgaria,2011,5676,1381,0,7057,0,7057,2322,183,2505,2505
1279,bgr,Bulgaria,2012,2273,1270,0,3543,0,3543,2143,136,2279,2279
1280,bgr,Bulgaria,2013,4305,4539,0,8844,0,8844,1875,177,2052,2052
1281,bgr,Bulgaria,2014,11026,6735,0,17761,0,17761,1644,187,1831,1831
1282,bgr,Bulgaria,2015,16543,9488,0,26031,0,26031,1264,207,1471,1471
1283,bgr,Bulgaria,2016,17794,16030,0,33824,0,33824,799,258,1057,1057
1284,bgr,Bulgaria,2017,19166,2712,0,21878,0,21878,716,316,1032,1032
1285,bgr,Bulgaria,2018,19906,1560,0,21466,0,21466,620,367,987,987
1286,bgr,Bulgaria,2019,20438,1054,0,21492,0,21492,566,344,915,915
1287,bgr,Bulgaria,2020,21113,1938,0,23051,0,23051,510,350,865,865
1288,bgr,Bulgaria,2021,22830,7547,0,30377,0,30377,455,340,800,800
1289,bgr,Bulgaria,2022,176297,11165,0,187462,0,187462,790,356,1151,1151
1290,bgr,Bulgaria,2023,97618,11941,0,109559,0,109559,393,389,787,787
1291,bgr,Bulgaria,2024,108747,5981,0,114728,0,114728,498,426,929,929
1292,bfa,Burkina Faso,1983,70,0,0,70,0,70,0,0,0,0
1293,bfa,Burkina Faso,1984,100,0,0,100,0,100,50,0,50,50
1294,bfa,Burkina Faso,1985,90,0,0,90,0,90,90,0,90,90
1295,bfa,Burkina Faso,1986,220,0,0,220,0,220,110,0,110,110
1296,bfa,Burkina Faso,1987,270,0,0,270,0,270,50,0,50,50
1297,bfa,Burkina Faso,1988,260,0,0,260,0,260,0,0,0,0
1298,bfa,Burkina Faso,1989,360,0,0,360,0,360,0,0,0,0
1299,bfa,Burkina Faso,1990,350,0,0,350,0,350,0,0,0,0
1300,bfa,Burkina Faso,1991,320,0,0,320,0,320,6,0,6,6
1301,bfa,Burkina Faso,1992,5670,0,0,5670,0,5670,61,0,61,61
1302,bfa,Burkina Faso,1993,6597,0,0,6597,0,6597,61,0,61,61
1303,bfa,Burkina Faso,1994,49990,0,0,49990,0,49990,69,0,69,69
1304,bfa,Burkina Faso,1995,29777,0,0,29777,0,29777,60,0,60,60
1305,bfa,Burkina Faso,1996,28381,0,0,28381,0,28381,64,0,64,64
1306,bfa,Burkina Faso,1997,1799,0,0,1799,0,1799,112,0,112,112
1307,bfa,Burkina Faso,1998,562,0,0,562,0,562,100,0,100,100
1308,bfa,Burkina Faso,1999,672,0,0,672,0,672,101,0,101,101
1309,bfa,Burkina Faso,2000,692,309,0,1001,0,1001,124,242,366,366
1310,bfa,Burkina Faso,2001,457,250,0,707,0,707,90,242,332,332
1311,bfa,Burkina Faso,2002,457,371,0,828,0,828,970,180,1150,1150
1312,bfa,Burkina Faso,2003,466,491,0,957,0,957,852,150,1002,1002
1313,bfa,Burkina Faso,2004,494,515,0,1009,0,1009,575,112,687,687
1314,bfa,Burkina Faso,2005,513,774,0,1287,0,1287,602,199,801,801
1315,bfa,Burkina Faso,2006,512,760,0,1272,0,1272,373,193,566,566
1316,bfa,Burkina Faso,2007,535,601,0,1136,0,1136,557,254,811,811
1317,bfa,Burkina Faso,2008,556,608,0,1164,0,1164,719,310,1029,1029
1318,bfa,Burkina Faso,2009,543,512,0,1055,0,1055,983,377,1360,1360
1319,bfa,Burkina Faso,2010,530,531,0,1061,0,1061,1141,499,1640,1640
1320,bfa,Burkina Faso,2011,549,667,0,1216,0,1216,1262,337,1599,1599
1321,bfa,Burkina Faso,2012,39304,684,0,39988,0,39988,1458,504,1962,1962
1322,bfa,Burkina Faso,2013,29233,786,0,30019,0,30019,1578,937,2515,2515
1323,bfa,Burkina Faso,2014,31894,201,0,32095,0,32095,1853,1566,3419,3419
1324,bfa,Burkina Faso,2015,34017,141,0,34158,0,34158,2147,2691,4838,4838
1325,bfa,Burkina Faso,2016,32551,126,0,32677,0,32677,2352,4195,6547,6547
1326,bfa,Burkina Faso,2017,24152,43,0,24195,2350,26545,2694,5557,8251,10601
1327,bfa,Burkina Faso,2018,25120,40,0,25160,47030,72190,11447,4949,16396,63426
1328,bfa,Burkina Faso,2019,25869,29,0,25898,560033,585931,11733,4996,18919,578952
1329,bfa,Burkina Faso,2020,20252,30,0,20282,1074993,1095275,15694,5110,24607,1099600
1330,bfa,Burkina Faso,2021,25010,9413,0,34423,1579976,1614399,20209,5585,38873,1618849
1331,bfa,Burkina Faso,2022,34375,551,0,34926,1882391,1917317,29914,35535,65449,1947840
1332,bfa,Burkina Faso,2023,37735,1146,0,38881,2062534,2101415,54869,90419,145288,2207822
1333,bfa,Burkina Faso,2024,39915,1493,0,41408,2062534,2103942,150081,130695,280776,2343310
1334,bdi,Burundi,1961,30000,0,0,30000,0,30000,0,0,0,0
1335,bdi,Burundi,1962,30000,0,0,30000,0,30000,0,0,0,0
1336,bdi,Burundi,1963,34000,0,0,34000,0,34000,0,0,0,0
1337,bdi,Burundi,1964,78000,0,0,78000,0,78000,0,0,0,0
1338,bdi,Burundi,1965,65000,0,0,65000,0,65000,3000,0,3000,3000
1339,bdi,Burundi,1966,79000,0,0,79000,0,79000,250,0,250,250
1340,bdi,Burundi,1967,79000,0,0,79000,0,79000,0,0,0,0
1341,bdi,Burundi,1968,72200,0,0,72200,0,72200,0,0,0,0
1342,bdi,Burundi,1969,46200,0,0,46200,0,46200,0,0,0,0
1343,bdi,Burundi,1970,38800,0,0,38800,0,38800,0,0,0,0
1344,bdi,Burundi,1971,32950,0,0,32950,0,32950,0,0,0,0
1345,bdi,Burundi,1972,43390,0,0,43390,0,43390,129000,0,129000,129000
1346,bdi,Burundi,1973,49000,0,0,49000,0,49000,131895,0,131895,131895
1347,bdi,Burundi,1974,48500,0,0,48500,0,48500,120880,0,120880,120880
1348,bdi,Burundi,1975,49500,0,0,49500,0,49500,141940,0,141940,141940
1349,bdi,Burundi,1976,49500,0,0,49500,0,49500,152320,0,152320,152320
1350,bdi,Burundi,1977,50000,0,0,50000,0,50000,153550,0,153550,153550
1351,bdi,Burundi,1978,50340,0,0,50340,0,50340,148180,0,148180,148180
1352,bdi,Burundi,1979,50490,0,0,50490,0,50490,151680,0,151680,151680
1353,bdi,Burundi,1980,234560,0,0,234560,0,234560,169770,0,169770,169770
1354,bdi,Burundi,1981,234590,0,0,234590,0,234590,182950,0,182950,182950
1355,bdi,Burundi,1982,253170,0,0,253170,0,253170,176270,0,176270,176270
1356,bdi,Burundi,1983,253820,0,0,253820,0,253820,176550,0,176550,176550
1357,bdi,Burundi,1984,273810,0,0,273810,0,273810,182910,0,182910,182910
1358,bdi,Burundi,1985,267440,0,0,267440,0,267440,199810,0,199810,199810
1359,bdi,Burundi,1986,267500,0,0,267500,0,267500,210620,0,210620,210620
1360,bdi,Burundi,1987,267500,0,0,267500,0,267500,186910,0,186910,186910
1361,bdi,Burundi,1988,267500,0,0,267500,0,267500,190153,0,190153,190153
1362,bdi,Burundi,1989,267455,0,0,267455,0,267455,191441,0,191441,191441
1363,bdi,Burundi,1990,268403,0,0,268403,0,268403,191619,0,191619,191619
1364,bdi,Burundi,1991,270136,0,0,270136,0,270136,223942,0,223942,223942
1365,bdi,Burundi,1992,271745,0,0,271745,0,271745,184129,0,184129,184129
1366,bdi,Burundi,1993,271883,0,0,271883,0,271883,871376,0,871376,871376
1367,bdi,Burundi,1994,300302,0,0,300302,89900,390202,389698,0,389698,479598
1368,bdi,Burundi,1995,173016,0,0,173016,216400,389416,350575,0,350575,566975
1369,bdi,Burundi,1996,20734,0,0,20734,882900,903634,428680,0,428680,1311580
1370,bdi,Burundi,1997,22027,0,0,22027,586083,608110,519116,0,519116,1105199
1371,bdi,Burundi,1998,25092,0,10600,35692,100000,135692,502555,0,502555,602555
1372,bdi,Burundi,1999,22107,0,10600,32707,50000,82707,527437,0,527437,577437
1373,bdi,Burundi,2000,27133,6014,742,33889,56000,89889,568070,3626,571706,627706
1374,bdi,Burundi,2001,27895,7990,0,35885,20000,55885,553987,3914,557901,577901
1375,bdi,Burundi,2002,40532,8770,0,49302,100000,149302,574552,7436,581988,681988
1376,bdi,Burundi,2003,40970,10565,0,51535,1970,53505,531626,8047,539673,541643
1377,bdi,Burundi,2004,48807,10705,0,59512,855,60367,485753,7852,493605,494460
1378,bdi,Burundi,2005,20679,19898,0,40577,11500,52077,438695,8260,446955,458455
1379,bdi,Burundi,2006,13174,7139,0,20313,13850,34163,396533,5519,402052,415902
1380,bdi,Burundi,2007,24482,7528,0,32010,0,32010,375720,7040,382760,382760
1381,bdi,Burundi,2008,21092,5269,0,26361,100000,126361,281583,6629,288212,388212
1382,bdi,Burundi,2009,24965,6337,0,31302,100000,131302,94221,4845,99066,199066
1383,bdi,Burundi,2010,29364,12059,0,41423,157167,198590,84053,7494,91547,248714
1384,bdi,Burundi,2011,35658,10054,250,45962,78796,124758,101282,9495,273283,352079
1385,bdi,Burundi,2012,41811,6129,299,48239,78948,127187,73354,12957,248866,327814
1386,bdi,Burundi,2013,45487,6046,463,51996,78948,130944,72636,14396,249288,328236
1387,bdi,Burundi,2014,52931,3046,524,56501,78948,135449,72477,19357,254737,333685
1388,bdi,Burundi,2015,53356,2930,644,56930,25000,81930,292750,26856,483626,508626
1389,bdi,Burundi,2016,57462,3608,649,61719,141221,202940,408066,24395,596527,737748
1390,bdi,Burundi,2017,62353,3551,772,66676,57258,123934,439320,60433,663958,721216
1391,bdi,Burundi,2018,71501,5658,787,77946,31909,109855,387850,53360,455358,487267
1392,bdi,Burundi,2019,78465,8995,930,88390,33256,121646,380900,53166,451671,484927
1393,bdi,Burundi,2020,75461,4914,1003,81378,21863,103241,372951,50227,440626,462489
1394,bdi,Burundi,2021,81491,4297,1399,87187,19176,106363,323635,52171,380962,400138
1395,bdi,Burundi,2022,84636,3950,1387,89973,8495,98468,320702,56399,383250,391745
1396,bdi,Burundi,2023,85229,2270,1292,88791,8177,96968,319857,61035,387118,395295
1397,bdi,Burundi,2024,89075,2089,1301,92465,6877,99342,322462,60731,389525,396402
1398,khm,Cambodia,1964,10000,0,0,10000,0,10000,0,0,0,0
1399,khm,Cambodia,1965,15000,0,0,15000,0,15000,0,0,0,0
1400,khm,Cambodia,1966,17000,0,0,17000,0,17000,0,0,0,0
1401,khm,Cambodia,1967,20000,0,0,20000,0,20000,0,0,0,0
1402,khm,Cambodia,1968,22000,0,0,22000,0,22000,0,0,0,0
1403,khm,Cambodia,1969,22000,0,0,22000,0,22000,0,0,0,0
1404,khm,Cambodia,1970,20000,0,0,20000,0,20000,0,0,0,0
1405,khm,Cambodia,1971,0,0,0,0,0,0,57000,0,57000,57000
1406,khm,Cambodia,1972,0,0,0,0,0,0,55000,0,55000,55000
1407,khm,Cambodia,1973,0,0,0,0,0,0,35000,0,35000,35000
1408,khm,Cambodia,1974,0,0,0,0,0,0,0,0,0,0
1409,khm,Cambodia,1975,0,0,0,0,0,0,18830,0,18830,18830
1410,khm,Cambodia,1976,0,0,0,0,0,0,17200,0,17200,17200
1411,khm,Cambodia,1977,0,0,0,0,0,0,76710,0,76710,76710
1412,khm,Cambodia,1978,0,0,0,0,0,0,165120,0,165120,165120
1413,khm,Cambodia,1979,0,0,0,0,0,0,51100,0,51100,51100
1414,khm,Cambodia,1980,0,0,0,0,0,0,192843,0,192843,192843
1415,khm,Cambodia,1981,0,0,0,0,0,0,135077,0,135077,135077
1416,khm,Cambodia,1982,0,0,0,0,0,0,123398,0,123398,123398
1417,khm,Cambodia,1983,0,0,0,0,0,0,91115,0,91115,91115
1418,khm,Cambodia,1984,0,0,0,0,0,0,72468,0,72468,72468
1419,khm,Cambodia,1985,0,0,0,0,0,0,67518,0,67518,67518
1420,khm,Cambodia,1986,0,0,0,0,0,0,54848,0,54848,54848
1421,khm,Cambodia,1987,0,0,0,0,0,0,48589,0,48589,48589
1422,khm,Cambodia,1988,0,0,0,0,0,0,97758,0,97758,97758
1423,khm,Cambodia,1989,0,0,0,0,0,0,75725,0,75725,75725
1424,khm,Cambodia,1990,0,0,0,0,0,0,54364,0,54364,54364
1425,khm,Cambodia,1991,0,0,0,0,0,0,43166,0,43166,43166
1426,khm,Cambodia,1992,0,0,0,0,0,0,28849,0,28849,28849
1427,khm,Cambodia,1993,5,0,0,5,0,5,9751,0,9751,9751
1428,khm,Cambodia,1994,12,0,0,12,124100,124112,8536,0,8536,132636
1429,khm,Cambodia,1995,12,0,0,12,49700,49712,61224,0,61224,110924
1430,khm,Cambodia,1996,18,0,0,18,29406,29424,62240,0,62240,91646
1431,khm,Cambodia,1997,16,0,0,16,0,16,103239,0,103239,103239
1432,khm,Cambodia,1998,20,0,0,20,0,20,76575,0,76575,76575
1433,khm,Cambodia,1999,20,0,0,20,0,20,38318,0,38318,38318
1434,khm,Cambodia,2000,29,162,0,191,0,191,36851,301,37152,37152
1435,khm,Cambodia,2001,47,1045,0,1092,0,1092,34756,304,35060,35060
1436,khm,Cambodia,2002,192,76,0,268,0,268,33451,465,33916,33916
1437,khm,Cambodia,2003,76,44,0,120,0,120,31404,461,31865,31865
1438,khm,Cambodia,2004,380,315,0,695,0,695,18109,501,18610,18610
1439,khm,Cambodia,2005,122,65,31,218,0,218,17804,856,18665,18665
1440,khm,Cambodia,2006,92,124,60,276,0,276,17963,668,18631,18631
1441,khm,Cambodia,2007,175,237,0,412,0,412,17700,415,18115,18115
1442,khm,Cambodia,2008,160,59,0,219,0,219,17250,212,17462,17462
1443,khm,Cambodia,2009,131,30,0,161,0,161,17022,220,17242,17242
1444,khm,Cambodia,2010,124,49,0,173,0,173,16308,137,16445,16445
1445,khm,Cambodia,2011,61,45,0,106,0,106,15201,182,15383,15383
1446,khm,Cambodia,2012,75,20,0,95,0,95,14016,214,14230,14230
1447,khm,Cambodia,2013,64,6,0,70,0,70,13738,231,13969,13969
1448,khm,Cambodia,2014,59,38,0,97,0,97,13066,257,13323,13323
1449,khm,Cambodia,2015,74,24,197,295,0,295,12802,372,13174,13174
1450,khm,Cambodia,2016,61,170,0,231,0,231,12428,380,12808,12808
1451,khm,Cambodia,2017,61,44,0,105,0,105,12238,1578,13816,13816
1452,khm,Cambodia,2018,0,0,0,0,0,0,12139,749,12888,12888
1453,khm,Cambodia,2019,0,27,0,27,0,27,11986,846,12832,12832
1454,khm,Cambodia,2020,0,12,0,12,0,12,11862,916,12778,12778
1455,khm,Cambodia,2021,24,12,0,36,0,36,12072,893,12965,12965
1456,khm,Cambodia,2022,24,12,0,36,0,36,11700,978,12678,12678
1457,khm,Cambodia,2023,24,5,0,29,0,29,11624,959,12583,12583
1458,khm,Cambodia,2024,23,5,0,28,0,28,11474,1521,12995,12995
1459,cmr,Cameroon,1970,8000,0,0,8000,0,8000,0,0,0,0
1460,cmr,Cameroon,1971,0,0,0,0,0,0,0,0,0,0
1461,cmr,Cameroon,1972,0,0,0,0,0,0,0,0,0,0
1462,cmr,Cameroon,1973,0,0,0,0,0,0,0,0,0,0
1463,cmr,Cameroon,1974,0,0,0,0,0,0,0,0,0,0
1464,cmr,Cameroon,1975,30000,0,0,30000,0,30000,0,0,0,0
1465,cmr,Cameroon,1976,30000,0,0,30000,0,30000,0,0,0,0
1466,cmr,Cameroon,1977,30000,0,0,30000,0,30000,0,0,0,0
1467,cmr,Cameroon,1978,30000,0,0,30000,0,30000,0,0,0,0
1468,cmr,Cameroon,1979,19990,0,0,19990,0,19990,0,0,0,0
1469,cmr,Cameroon,1980,128000,0,0,128000,0,128000,0,0,0,0
1470,cmr,Cameroon,1981,172710,0,0,172710,0,172710,0,0,0,0
1471,cmr,Cameroon,1982,36820,0,0,36820,0,36820,0,0,0,0
1472,cmr,Cameroon,1983,4190,0,0,4190,0,4190,0,0,0,0
1473,cmr,Cameroon,1984,13690,0,0,13690,0,13690,0,0,0,0
1474,cmr,Cameroon,1985,35150,0,0,35150,0,35150,0,0,0,0
1475,cmr,Cameroon,1986,53600,0,0,53600,0,53600,0,0,0,0
1476,cmr,Cameroon,1987,59190,0,0,59190,0,59190,0,0,0,0
1477,cmr,Cameroon,1988,51160,0,0,51160,0,51160,0,0,0,0
1478,cmr,Cameroon,1989,48630,0,0,48630,0,48630,60,0,60,60
1479,cmr,Cameroon,1990,49876,0,0,49876,0,49876,100,0,100,100
1480,cmr,Cameroon,1991,45237,0,0,45237,0,45237,0,0,0,0
1481,cmr,Cameroon,1992,42233,0,0,42233,0,42233,84,0,84,84
1482,cmr,Cameroon,1993,44013,0,0,44013,0,44013,170,0,170,170
1483,cmr,Cameroon,1994,44036,0,0,44036,0,44036,236,0,236,236
1484,cmr,Cameroon,1995,45781,0,0,45781,0,45781,2018,0,2018,2018
1485,cmr,Cameroon,1996,46407,0,0,46407,0,46407,2111,0,2111,2111
1486,cmr,Cameroon,1997,47057,0,0,47057,0,47057,2250,0,2250,2250
1487,cmr,Cameroon,1998,47826,0,0,47826,0,47826,1349,0,1349,1349
1488,cmr,Cameroon,1999,49227,0,0,49227,0,49227,1651,0,1651,1651
1489,cmr,Cameroon,2000,43680,1633,0,45313,0,45313,2067,1494,3561,3561
1490,cmr,Cameroon,2001,41186,2577,0,43763,0,43763,2729,2160,4889,4889
1491,cmr,Cameroon,2002,58288,5308,0,63596,0,63596,5228,2841,8069,8069
1492,cmr,Cameroon,2003,58583,5675,0,64258,0,64258,6215,3342,9557,9557
1493,cmr,Cameroon,2004,58861,6123,0,64984,0,64984,7631,3722,11353,11353
1494,cmr,Cameroon,2005,52042,6766,0,58808,0,58808,9096,4856,13952,13952
1495,cmr,Cameroon,2006,35083,4160,0,39243,0,39243,10373,3382,13755,13755
1496,cmr,Cameroon,2007,60137,2149,0,62286,0,62286,11499,2973,14472,14472
1497,cmr,Cameroon,2008,81033,2221,0,83254,0,83254,13852,2911,16763,16763
1498,cmr,Cameroon,2009,99950,1313,0,101263,0,101263,14752,2239,16991,16991
1499,cmr,Cameroon,2010,104269,2378,0,106647,0,106647,14952,2077,17029,17029
1500,cmr,Cameroon,2011,100368,3289,0,103657,0,103657,15149,2480,17629,17629
1501,cmr,Cameroon,2012,98961,3122,0,102083,0,102083,13360,3380,16740,16740
1502,cmr,Cameroon,2013,114744,8324,0,123068,0,123068,11410,4215,15625,15625
1503,cmr,Cameroon,2014,264122,11736,0,275858,0,275858,10739,5013,15752,15752
1504,cmr,Cameroon,2015,342970,5356,9,348335,92657,440992,10565,7357,17927,110584
1505,cmr,Cameroon,2016,375413,3237,28,378678,198889,577567,10344,10943,21314,220203
1506,cmr,Cameroon,2017,337382,5765,38,343185,221695,564880,11032,24607,35663,257358
1507,cmr,Cameroon,2018,380327,8092,25,388444,668494,1056938,45118,18638,63767,732261
1508,cmr,Cameroon,2019,406259,9930,20,416209,950263,1366472,66241,21865,88116,1038379
1509,cmr,Cameroon,2020,436396,6809,215,443420,1032942,1476362,78481,23013,101499,1134441
1510,cmr,Cameroon,2021,457269,8018,1183,466470,933138,1399608,125477,22151,147650,1080788
1511,cmr,Cameroon,2022,473887,9247,1081,484215,989079,1473294,147352,21927,169287,1158366
1512,cmr,Cameroon,2023,485285,10288,13827,509400,1075252,1584652,110715,50840,174816,1250068
1513,cmr,Cameroon,2024,427706,16034,848,444588,1036775,1481363,109879,59627,169831,1206606
1514,can,Canada,1951,168511,0,0,168511,0,168511,0,0,0,0
1515,can,Canada,1952,154828,0,0,154828,0,154828,0,0,0,0
1516,can,Canada,1953,107004,0,0,107004,0,107004,0,0,0,0
1517,can,Canada,1954,75828,0,0,75828,0,75828,0,0,0,0
1518,can,Canada,1955,52551,0,0,52551,0,52551,0,0,0,0
1519,can,Canada,1956,17485,0,0,17485,0,17485,0,0,0,0
1520,can,Canada,1957,46334,0,0,46334,0,46334,0,0,0,0
1521,can,Canada,1958,46908,0,0,46908,0,46908,0,0,0,0
1522,can,Canada,1959,47934,0,0,47934,0,47934,0,0,0,0
1523,can,Canada,1960,48629,0,0,48629,0,48629,0,0,0,0
1524,can,Canada,1961,44492,0,0,44492,0,44492,0,0,0,0
1525,can,Canada,1962,12282,0,0,12282,0,12282,0,0,0,0
1526,can,Canada,1963,10946,0,0,10946,0,10946,0,0,0,0
1527,can,Canada,1964,10178,0,0,10178,0,10178,0,0,0,0
1528,can,Canada,1965,9980,0,0,9980,0,9980,0,0,0,0
1529,can,Canada,1966,10225,0,0,10225,0,10225,0,0,0,0
1530,can,Canada,1967,9991,0,0,9991,0,9991,0,0,0,0
1531,can,Canada,1968,17950,0,0,17950,0,17950,0,0,0,0
1532,can,Canada,1969,19275,0,0,19275,0,19275,0,0,0,0
1533,can,Canada,1970,18518,0,0,18518,0,18518,0,0,0,0
1534,can,Canada,1971,17196,0,0,17196,0,17196,0,0,0,0
1535,can,Canada,1972,20933,0,0,20933,0,20933,0,0,0,0
1536,can,Canada,1973,13358,0,0,13358,0,13358,0,0,0,0
1537,can,Canada,1974,11410,0,0,11410,0,11410,0,0,0,0
1538,can,Canada,1975,16349,0,0,16349,0,16349,0,0,0,0
1539,can,Canada,1976,27387,0,0,27387,0,27387,0,0,0,0
1540,can,Canada,1977,29537,0,0,29537,0,29537,0,0,0,0
1541,can,Canada,1978,31295,0,0,31295,0,31295,0,0,0,0
1542,can,Canada,1979,57913,0,0,57913,0,57913,0,0,0,0
1543,can,Canada,1980,92679,0,0,92679,0,92679,0,0,0,0
1544,can,Canada,1981,96415,0,0,96415,0,96415,0,0,0,0
1545,can,Canada,1982,107591,0,0,107591,0,107591,0,0,0,0
1546,can,Canada,1983,120947,0,0,120947,0,120947,0,0,0,0
1547,can,Canada,1984,112966,0,0,112966,0,112966,0,0,0,0
1548,can,Canada,1985,92194,0,0,92194,0,92194,0,0,0,0
1549,can,Canada,1986,98743,0,0,98743,0,98743,0,0,0,0
1550,can,Canada,1987,104843,0,0,104843,0,104843,0,0,0,0
1551,can,Canada,1988,116434,0,0,116434,0,116434,0,0,0,0
1552,can,Canada,1989,135752,0,0,135752,0,135752,0,0,0,0
1553,can,Canada,1990,154761,0,0,154761,0,154761,0,0,0,0
1554,can,Canada,1991,170916,0,0,170916,0,170916,5,0,5,5
1555,can,Canada,1992,183723,0,0,183723,0,183723,5,0,5,5
1556,can,Canada,1993,183241,0,0,183241,0,183241,5,0,5,5
1557,can,Canada,1994,186555,0,0,186555,0,186555,5,0,5,5
1558,can,Canada,1995,152110,0,0,152110,0,152110,5,0,5,5
1559,can,Canada,1996,138427,0,0,138427,0,138427,10,0,10,10
1560,can,Canada,1997,125176,0,0,125176,0,125176,12,0,12,12
1561,can,Canada,1998,119355,0,0,119355,0,119355,16,0,16,16
1562,can,Canada,1999,123303,0,0,123303,0,123303,19,0,19,19
1563,can,Canada,2000,126991,30170,0,157161,0,157161,25,7,32,32
1564,can,Canada,2001,129227,45795,0,175022,0,175022,5,9,14,14
1565,can,Canada,2002,129935,52755,0,182690,0,182690,52,20,72,72
1566,can,Canada,2003,133088,41570,0,174658,0,174658,61,22,83,83
1567,can,Canada,2004,141402,27276,0,168678,0,168678,57,18,75,75
1568,can,Canada,2005,147164,20533,0,167697,0,167697,120,35,155,155
1569,can,Canada,2006,151832,23575,0,175407,0,175407,94,44,138,138
1570,can,Canada,2007,175728,37509,0,213237,0,213237,530,59,589,589
1571,can,Canada,2008,173642,54187,0,227829,0,227829,100,55,155,155
1572,can,Canada,2009,169424,61167,0,230591,0,230591,97,9,106,106
1573,can,Canada,2010,165544,50998,0,216542,0,216542,86,5,91,91
1574,can,Canada,2011,164879,41835,0,206714,0,206714,108,0,108,108
1575,can,Canada,2012,163751,32647,0,196398,0,196398,121,5,126,126
1576,can,Canada,2013,160347,22145,0,182492,0,182492,94,23,123,123
1577,can,Canada,2014,149164,16699,0,165863,0,165863,89,55,150,150
1578,can,Canada,2015,135890,19631,0,155521,0,155521,73,334,413,413
1579,can,Canada,2016,97322,23946,0,121268,0,121268,76,54,130,130
1580,can,Canada,2017,104768,51859,0,156627,0,156627,75,78,153,153
1581,can,Canada,2018,114101,78766,0,192867,0,192867,81,79,160,160
1582,can,Canada,2019,101757,97017,0,198774,0,198774,71,88,159,159
1583,can,Canada,2020,109214,85352,0,194566,0,194566,65,108,173,173
1584,can,Canada,2021,130125,63144,0,193269,0,193269,60,126,186,186
1585,can,Canada,2022,140621,113066,0,253687,0,253687,186,218,404,404
1586,can,Canada,2023,169448,197961,0,367409,0,367409,223,311,534,534
1587,can,Canada,2024,269496,292055,0,561551,0,561551,309,351,660,660
1588,cpv,Cape Verde,1966,0,0,0,0,0,0,300,0,300,300
1589,cpv,Cape Verde,1967,0,0,0,0,0,0,300,0,300,300
1590,cpv,Cape Verde,1968,0,0,0,0,0,0,430,0,430,430
1591,cpv,Cape Verde,1969,0,0,0,0,0,0,400,0,400,400
1592,cpv,Cape Verde,1970,0,0,0,0,0,0,400,0,400,400
1593,cpv,Cape Verde,1971,0,0,0,0,0,0,0,0,0,0
1594,cpv,Cape Verde,1972,0,0,0,0,0,0,0,0,0,0
1595,cpv,Cape Verde,1973,0,0,0,0,0,0,0,0,0,0
1596,cpv,Cape Verde,1974,0,0,0,0,0,0,0,0,0,0
1597,cpv,Cape Verde,1975,0,0,0,0,0,0,0,0,0,0
1598,cpv,Cape Verde,1976,0,0,0,0,0,0,0,0,0,0
1599,cpv,Cape Verde,1977,0,0,0,0,0,0,0,0,0,0
1600,cpv,Cape Verde,1978,0,0,0,0,0,0,0,0,0,0
1601,cpv,Cape Verde,1979,0,0,0,0,0,0,0,0,0,0
1602,cpv,Cape Verde,1980,0,0,0,0,0,0,0,0,0,0
1603,cpv,Cape Verde,1981,0,0,0,0,0,0,0,0,0,0
1604,cpv,Cape Verde,1982,0,0,0,0,0,0,0,0,0,0
1605,cpv,Cape Verde,1983,0,0,0,0,0,0,0,0,0,0
1606,cpv,Cape Verde,1984,0,0,0,0,0,0,0,0,0,0
1607,cpv,Cape Verde,1985,0,0,0,0,0,0,0,0,0,0
1608,cpv,Cape Verde,1986,0,0,0,0,0,0,0,0,0,0
1609,cpv,Cape Verde,1987,0,0,0,0,0,0,0,0,0,0
1610,cpv,Cape Verde,1988,0,0,0,0,0,0,0,0,0,0
1611,cpv,Cape Verde,1989,0,0,0,0,0,0,0,0,0,0
1612,cpv,Cape Verde,1990,0,0,0,0,0,0,0,0,0,0
1613,cpv,Cape Verde,1991,5,0,0,5,0,5,0,0,0,0
1614,cpv,Cape Verde,1992,0,0,0,0,0,0,0,0,0,0
1615,cpv,Cape Verde,1993,0,0,0,0,0,0,0,0,0,0
1616,cpv,Cape Verde,1994,0,0,0,0,0,0,0,0,0,0
1617,cpv,Cape Verde,1995,0,0,0,0,0,0,0,0,0,0
1618,cpv,Cape Verde,1996,0,0,0,0,0,0,0,0,0,0
1619,cpv,Cape Verde,1997,0,0,0,0,0,0,0,0,0,0
1620,cpv,Cape Verde,1998,0,0,0,0,0,0,0,0,0,0
1621,cpv,Cape Verde,1999,0,0,0,0,0,0,0,0,0,0
1622,cpv,Cape Verde,2000,0,0,0,0,0,0,0,13,13,13
1623,cpv,Cape Verde,2001,0,0,0,0,0,0,5,19,24,24
1624,cpv,Cape Verde,2002,0,0,0,0,0,0,5,11,16,16
1625,cpv,Cape Verde,2003,0,0,0,0,0,0,7,11,18,18
1626,cpv,Cape Verde,2004,0,0,0,0,0,0,5,11,16,16
1627,cpv,Cape Verde,2005,0,0,0,0,0,0,0,14,14,14
1628,cpv,Cape Verde,2006,0,0,0,0,0,0,34,10,44,44
1629,cpv,Cape Verde,2007,0,0,0,0,0,0,28,5,33,33
1630,cpv,Cape Verde,2008,0,0,0,0,0,0,27,0,27,27
1631,cpv,Cape Verde,2009,0,0,0,0,0,0,22,0,22,22
1632,cpv,Cape Verde,2010,0,0,0,0,0,0,22,0,22,22
1633,cpv,Cape Verde,2011,0,0,0,0,0,0,22,5,27,27
1634,cpv,Cape Verde,2012,0,0,0,0,0,0,22,10,32,32
1635,cpv,Cape Verde,2013,0,0,0,0,0,0,22,17,39,39
1636,cpv,Cape Verde,2014,0,0,0,0,0,0,27,46,73,73
1637,cpv,Cape Verde,2015,0,0,0,0,0,0,27,95,122,122
1638,cpv,Cape Verde,2016,0,0,0,0,0,0,10,98,108,108
1639,cpv,Cape Verde,2017,0,0,0,0,0,0,5,181,186,186
1640,cpv,Cape Verde,2018,0,0,0,0,0,0,10,206,216,216
1641,cpv,Cape Verde,2019,0,0,0,0,0,0,10,250,260,260
1642,cpv,Cape Verde,2020,0,0,0,0,0,0,5,258,263,263
1643,cpv,Cape Verde,2021,0,0,0,0,0,0,10,273,283,283
1644,cpv,Cape Verde,2022,0,0,0,0,0,0,20,256,276,276
1645,cpv,Cape Verde,2023,0,0,0,0,0,0,19,247,266,266
1646,cpv,Cape Verde,2024,0,0,0,0,0,0,14,272,286,286
1647,caf,Central African Republic,1964,3300,0,0,3300,0,3300,0,0,0,0
1648,caf,Central African Republic,1965,20560,0,0,20560,0,20560,0,0,0,0
1649,caf,Central African Republic,1966,43000,0,0,43000,0,43000,0,0,0,0
1650,caf,Central African Republic,1967,35000,0,0,35000,0,35000,0,0,0,0
1651,caf,Central African Republic,1968,23000,0,0,23000,0,23000,0,0,0,0
1652,caf,Central African Republic,1969,23000,0,0,23000,0,23000,0,0,0,0
1653,caf,Central African Republic,1970,27150,0,0,27150,0,27150,0,0,0,0
1654,caf,Central African Republic,1971,28000,0,0,28000,0,28000,0,0,0,0
1655,caf,Central African Republic,1972,21970,0,0,21970,0,21970,0,0,0,0
1656,caf,Central African Republic,1973,7000,0,0,7000,0,7000,0,0,0,0
1657,caf,Central African Republic,1974,5000,0,0,5000,0,5000,0,0,0,0
1658,caf,Central African Republic,1975,5000,0,0,5000,0,5000,0,0,0,0
1659,caf,Central African Republic,1976,0,0,0,0,0,0,0,0,0,0
1660,caf,Central African Republic,1977,0,0,0,0,0,0,0,0,0,0
1661,caf,Central African Republic,1978,0,0,0,0,0,0,0,0,0,0
1662,caf,Central African Republic,1979,1000,0,0,1000,0,1000,0,0,0,0
1663,caf,Central African Republic,1980,7000,0,0,7000,0,7000,0,0,0,0
1664,caf,Central African Republic,1981,4000,0,0,4000,0,4000,0,0,0,0
1665,caf,Central African Republic,1982,7450,0,0,7450,0,7450,15000,0,15000,15000
1666,caf,Central African Republic,1983,6790,0,0,6790,0,6790,0,0,0,0
1667,caf,Central African Republic,1984,42000,0,0,42000,0,42000,0,0,0,0
1668,caf,Central African Republic,1985,46330,0,0,46330,0,46330,0,0,0,0
1669,caf,Central African Republic,1986,12980,0,0,12980,0,12980,230,0,230,230
1670,caf,Central African Republic,1987,4250,0,0,4250,0,4250,160,0,160,160
1671,caf,Central African Republic,1988,3148,0,0,3148,0,3148,170,0,170,170
1672,caf,Central African Republic,1989,2493,0,0,2493,0,2493,310,0,310,310
1673,caf,Central African Republic,1990,4284,0,0,4284,0,4284,100,0,100,100
1674,caf,Central African Republic,1991,12223,0,0,12223,0,12223,320,0,320,320
1675,caf,Central African Republic,1992,19040,0,0,19040,0,19040,325,0,325,325
1676,caf,Central African Republic,1993,44129,0,0,44129,0,44129,309,0,309,309
1677,caf,Central African Republic,1994,47790,0,0,47790,0,47790,264,0,264,264
1678,caf,Central African Republic,1995,33856,0,0,33856,0,33856,241,0,241,241
1679,caf,Central African Republic,1996,36564,0,0,36564,0,36564,240,0,240,240
1680,caf,Central African Republic,1997,38490,0,0,38490,0,38490,139,0,139,139
1681,caf,Central African Republic,1998,43006,0,0,43006,0,43006,168,0,168,168
1682,caf,Central African Republic,1999,49310,0,0,49310,0,49310,190,0,190,190
1683,caf,Central African Republic,2000,55658,1735,0,57393,0,57393,135,54,189,189
1684,caf,Central African Republic,2001,49233,3667,0,52900,0,52900,28698,353,29051,29051
1685,caf,Central African Republic,2002,50720,5345,0,56065,0,56065,25368,657,26025,26025
1686,caf,Central African Republic,2003,44751,3419,0,48170,0,48170,35394,832,36226,36226
1687,caf,Central African Republic,2004,25019,2748,0,27767,0,27767,31056,1286,32342,32342
1688,caf,Central African Republic,2005,24564,1956,0,26520,0,26520,42875,1839,44714,44714
1689,caf,Central African Republic,2006,12351,1903,0,14254,147000,161254,71669,2108,73777,220777
1690,caf,Central African Republic,2007,7530,1970,0,9500,197000,206500,98092,1333,99425,296425
1691,caf,Central African Republic,2008,7423,1447,0,8870,197000,205870,125090,1213,126303,323303
1692,caf,Central African Republic,2009,27041,1213,0,28254,197000,225254,159542,852,160394,357394
1693,caf,Central African Republic,2010,21568,1213,0,22781,192529,215310,164902,1504,166406,358935
1694,caf,Central African Republic,2011,16737,2447,0,19184,105206,124390,162861,1793,164654,269860
1695,caf,Central African Republic,2012,14015,2603,0,16618,51679,68297,164567,1899,166466,218145
1696,caf,Central African Republic,2013,14323,2635,0,16958,894421,911379,252854,7459,260313,1154734
1697,caf,Central African Republic,2014,7692,408,0,8100,438538,446638,412028,14361,441432,879970
1698,caf,Central African Republic,2015,7332,332,0,7664,216392,224056,471093,10634,502519,718911
1699,caf,Central African Republic,2016,12117,310,0,12427,411785,424212,490879,10603,522492,934277
1700,caf,Central African Republic,2017,10033,571,0,10604,688700,699304,545513,12997,579942,1268642
1701,caf,Central African Republic,2018,6652,397,0,7049,640970,648019,590858,17278,629833,1270803
1702,caf,Central African Republic,2019,7170,309,0,7479,669906,677385,610152,15935,627657,1297563
1703,caf,Central African Republic,2020,9083,285,0,9368,681930,691298,642161,13458,657288,1339218
1704,caf,Central African Republic,2021,9305,765,0,10070,691791,701861,737658,14283,754225,1446016
1705,caf,Central African Republic,2022,11213,470,0,11683,515665,527348,748344,14291,764881,1280546
1706,caf,Central African Republic,2023,32913,32506,0,65419,511803,577222,759187,14775,777364,1289167
1707,caf,Central African Republic,2024,45108,8270,0,53378,469342,522720,693488,18082,715211,1184553
1708,tcd,Chad,1970,0,0,0,0,0,0,1900,0,1900,1900
1709,tcd,Chad,1971,0,0,0,0,0,0,1400,0,1400,1400
1710,tcd,Chad,1972,0,0,0,0,0,0,1500,0,1500,1500
1711,tcd,Chad,1973,0,0,0,0,0,0,1500,0,1500,1500
1712,tcd,Chad,1974,0,0,0,0,0,0,0,0,0,0
1713,tcd,Chad,1975,0,0,0,0,0,0,0,0,0,0
1714,tcd,Chad,1976,0,0,0,0,0,0,0,0,0,0
1715,tcd,Chad,1977,0,0,0,0,0,0,0,0,0,0
1716,tcd,Chad,1978,0,0,0,0,0,0,0,0,0,0
1717,tcd,Chad,1979,0,0,0,0,0,0,10000,0,10000,10000
1718,tcd,Chad,1980,0,0,0,0,0,0,221000,0,221000,221000
1719,tcd,Chad,1981,0,0,0,0,0,0,234260,0,234260,234260
1720,tcd,Chad,1982,0,0,0,0,0,0,17010,0,17010,17010
1721,tcd,Chad,1983,0,0,0,0,0,0,16745,0,16745,16745
1722,tcd,Chad,1984,0,0,0,0,0,0,181346,0,181346,181346
1723,tcd,Chad,1985,0,0,0,0,0,0,212158,0,212158,212158
1724,tcd,Chad,1986,0,0,0,0,0,0,170078,0,170078,170078
1725,tcd,Chad,1987,0,0,0,0,0,0,146858,0,146858,146858
1726,tcd,Chad,1988,0,0,0,0,0,0,130790,0,130790,130790
1727,tcd,Chad,1989,0,0,0,0,0,0,125863,0,125863,125863
1728,tcd,Chad,1990,0,0,0,0,0,0,184804,0,184804,184804
1729,tcd,Chad,1991,0,0,0,0,0,0,72317,0,72317,72317
1730,tcd,Chad,1992,70,0,0,70,0,70,66378,0,66378,66378
1731,tcd,Chad,1993,62,0,0,62,0,62,212923,0,212923,212923
1732,tcd,Chad,1994,105,0,0,105,0,105,211968,0,211968,211968
1733,tcd,Chad,1995,100,0,0,100,0,100,59726,0,59726,59726
1734,tcd,Chad,1996,100,0,0,100,0,100,58443,0,58443,58443
1735,tcd,Chad,1997,298,0,0,298,0,298,55026,0,55026,55026
1736,tcd,Chad,1998,8807,0,0,8807,0,8807,61294,0,61294,61294
1737,tcd,Chad,1999,23477,0,0,23477,0,23477,58792,0,58792,58792
1738,tcd,Chad,2000,17689,544,0,18233,0,18233,54955,2422,57377,57377
1739,tcd,Chad,2001,12950,645,0,13595,0,13595,46282,2992,49274,49274
1740,tcd,Chad,2002,33455,1033,0,34488,0,34488,47340,2436,49776,49776
1741,tcd,Chad,2003,146396,162,0,146558,0,146558,52268,2319,54587,54587
1742,tcd,Chad,2004,259880,0,0,259880,0,259880,52645,2540,55185,55185
1743,tcd,Chad,2005,275412,63,0,275475,0,275475,48389,3109,54498,54498
1744,tcd,Chad,2006,286743,10,0,286753,112686,399439,36286,3430,39716,152402
1745,tcd,Chad,2007,294017,44,0,294061,178918,472979,55697,2668,58365,237283
1746,tcd,Chad,2008,330510,51,0,330561,166718,497279,55083,3340,58423,225141
1747,tcd,Chad,2009,338495,59,0,338554,170531,509085,54997,2311,57308,227839
1748,tcd,Chad,2010,347931,105,0,348036,131000,479036,53713,2664,56377,187377
1749,tcd,Chad,2011,366491,162,0,366653,124000,490653,42619,3122,45741,169741
1750,tcd,Chad,2012,373690,173,0,373863,90000,463863,39674,3758,43432,133432
1751,tcd,Chad,2013,434476,303,0,434779,19791,454570,48618,3844,52462,72253
1752,tcd,Chad,2014,452897,1793,50000,504690,0,504690,48236,3296,86532,86532
1753,tcd,Chad,2015,369538,2890,50000,422428,51999,474427,14921,3267,48188,100187
1754,tcd,Chad,2016,391235,1908,36718,429861,124342,554203,14176,3178,34072,158414
1755,tcd,Chad,2017,411475,660,99103,511238,99983,611221,16325,3105,56747,156730
1756,tcd,Chad,2018,451203,3467,36718,491388,165314,656702,10895,4401,32020,197334
1757,tcd,Chad,2019,442670,3756,122359,568785,170278,739063,11163,5335,138865,309143
1758,tcd,Chad,2020,478649,4568,99765,582982,336124,919106,10388,6224,116454,452578
1759,tcd,Chad,2021,555782,4705,106913,667400,406573,1073973,11771,7572,126372,532945
1760,tcd,Chad,2022,592764,4953,101551,699268,381289,1080557,12811,7091,121569,502858
1761,tcd,Chad,2023,1100921,4916,100543,1206380,215928,1422308,10196,40745,151589,367517
1762,tcd,Chad,2024,1278866,7779,317279,1603924,220610,1824534,14617,28234,360252,580862
1763,chl,Chile,1969,6500,0,0,6500,0,6500,0,0,0,0
1764,chl,Chile,1970,6000,0,0,6000,0,6000,0,0,0,0
1765,chl,Chile,1971,7000,0,0,7000,0,7000,0,0,0,0
1766,chl,Chile,1972,7000,0,0,7000,0,7000,0,0,0,0
1767,chl,Chile,1973,9500,0,0,9500,0,9500,0,0,0,0
1768,chl,Chile,1974,3700,0,0,3700,0,3700,13550,0,13550,13550
1769,chl,Chile,1975,3300,0,0,3300,0,3300,15350,0,15350,15350
1770,chl,Chile,1976,4000,0,0,4000,0,4000,2670,0,2670,2670
1771,chl,Chile,1977,5200,0,0,5200,0,5200,3000,0,3000,3000
1772,chl,Chile,1978,3080,0,0,3080,0,3080,3130,0,3130,3130
1773,chl,Chile,1979,2000,0,0,2000,0,2000,3130,0,3130,3130
1774,chl,Chile,1980,1500,0,0,1500,0,1500,1505,0,1505,1505
1775,chl,Chile,1981,1500,0,0,1500,0,1500,1885,0,1885,1885
1776,chl,Chile,1982,2500,0,0,2500,0,2500,2483,0,2483,2483
1777,chl,Chile,1983,2500,0,0,2500,0,2500,1794,0,1794,1794
1778,chl,Chile,1984,2500,0,0,2500,0,2500,1552,0,1552,1552
1779,chl,Chile,1985,540,0,0,540,0,540,2181,0,2181,2181
1780,chl,Chile,1986,0,0,0,0,0,0,2434,0,2434,2434
1781,chl,Chile,1987,0,0,0,0,0,0,1906,0,1906,1906
1782,chl,Chile,1988,300,0,0,300,0,300,608,0,608,608
1783,chl,Chile,1989,300,0,0,300,0,300,1201,0,1201,1201
1784,chl,Chile,1990,58,0,0,58,0,58,14547,0,14547,14547
1785,chl,Chile,1991,72,0,0,72,0,72,14006,0,14006,14006
1786,chl,Chile,1992,142,0,0,142,0,142,14042,0,14042,14042
1787,chl,Chile,1993,237,0,0,237,0,237,15265,0,15265,15265
1788,chl,Chile,1994,216,0,0,216,0,216,15475,0,15475,15475
1789,chl,Chile,1995,280,0,0,280,0,280,14274,0,14274,14274
1790,chl,Chile,1996,307,0,0,307,0,307,12801,0,12801,12801
1791,chl,Chile,1997,270,0,0,270,0,270,9775,0,9775,9775
1792,chl,Chile,1998,306,0,0,306,0,306,7005,0,7005,7005
1793,chl,Chile,1999,326,0,0,326,0,326,1539,0,1539,1539
1794,chl,Chile,2000,366,63,0,429,0,429,858,159,1017,1017
1795,chl,Chile,2001,389,60,0,449,0,449,834,199,1033,1033
1796,chl,Chile,2002,414,12,0,426,0,426,1705,513,2218,2218
1797,chl,Chile,2003,472,48,0,520,0,520,1549,309,1858,1858
1798,chl,Chile,2004,566,75,0,641,0,641,1183,197,1380,1380
1799,chl,Chile,2005,807,101,0,908,0,908,929,81,1010,1010
1800,chl,Chile,2006,1135,334,0,1469,0,1469,798,83,881,881
1801,chl,Chile,2007,1375,507,0,1882,0,1882,964,127,1091,1091
1802,chl,Chile,2008,1607,875,0,2482,0,2482,988,128,1116,1116
1803,chl,Chile,2009,1539,498,0,2037,0,2037,1305,178,1483,1483
1804,chl,Chile,2010,1613,271,0,1884,0,1884,1163,170,1333,1333
1805,chl,Chile,2011,1669,356,0,2025,0,2025,1182,117,1299,1299
1806,chl,Chile,2012,1692,353,0,2045,0,2045,1145,63,1208,1208
1807,chl,Chile,2013,1738,416,0,2154,0,2154,588,66,654,654
1808,chl,Chile,2014,1764,571,0,2335,0,2335,571,98,669,669
1809,chl,Chile,2015,1840,1055,0,2895,0,2895,554,149,703,703
1810,chl,Chile,2016,1730,3218,0,4948,0,4948,495,200,695,695
1811,chl,Chile,2017,1861,8462,86687,97010,0,97010,493,350,843,843
1812,chl,Chile,2018,2026,11993,1989,16008,0,16008,479,514,993,993
1813,chl,Chile,2019,2046,8521,2073,12640,0,12640,486,1251,1737,1737
1814,chl,Chile,2020,2053,8069,1866,11988,0,11988,659,2111,2770,2770
1815,chl,Chile,2021,2065,10159,1847,14071,0,14071,987,9058,10045,10045
1816,chl,Chile,2022,2133,11896,1927,15956,0,15956,1500,11879,15505,15505
1817,chl,Chile,2023,2338,12694,1708,16740,0,16740,1901,19228,23936,23936
1818,chl,Chile,2024,2443,13345,0,15788,0,15788,4809,24434,29790,29790
1819,chn,China,1964,0,0,0,0,0,0,1200000,0,1200000,1200000
1820,chn,China,1965,0,0,0,0,0,0,1330000,0,1330000,1330000
1821,chn,China,1966,970,0,0,970,0,970,1326810,0,1326810,1326810
1822,chn,China,1967,0,0,0,0,0,0,74000,0,74000,74000
1823,chn,China,1968,0,0,0,0,0,0,70000,0,70000,70000
1824,chn,China,1969,0,0,0,0,0,0,65000,0,65000,65000
1825,chn,China,1970,0,0,0,0,0,0,66000,0,66000,66000
1826,chn,China,1971,0,0,0,0,0,0,70000,0,70000,70000
1827,chn,China,1972,0,0,0,0,0,0,75000,0,75000,75000
1828,chn,China,1973,0,0,0,0,0,0,0,0,0,0
1829,chn,China,1974,0,0,0,0,0,0,0,0,0,0
1830,chn,China,1975,0,0,0,0,0,0,0,0,0,0
1831,chn,China,1976,0,0,0,0,0,0,0,0,0,0
1832,chn,China,1977,0,0,0,0,0,0,0,0,0,0
1833,chn,China,1978,0,0,0,0,0,0,0,0,0,0
1834,chn,China,1979,250000,0,0,250000,0,250000,0,0,0,0
1835,chn,China,1980,263000,0,0,263000,0,263000,24,0,24,24
1836,chn,China,1981,265000,0,0,265000,0,265000,24,0,24,24
1837,chn,China,1982,272100,0,0,272100,0,272100,104,0,104,104
1838,chn,China,1983,276630,0,0,276630,0,276630,24,0,24,24
1839,chn,China,1984,279750,0,0,279750,0,279750,24,0,24,24
1840,chn,China,1985,279670,0,0,279670,0,279670,124,0,124,124
1841,chn,China,1986,281790,0,0,281790,0,281790,154,0,154,154
1842,chn,China,1987,280600,0,0,280600,0,280600,24,0,24,24
1843,chn,China,1988,284300,0,0,284300,0,284300,265,0,265,265
1844,chn,China,1989,284300,0,0,284300,0,284300,413,0,413,413
1845,chn,China,1990,287276,0,0,287276,0,287276,1426,0,1426,1426
1846,chn,China,1991,289061,0,0,289061,0,289061,2011,0,2011,2011
1847,chn,China,1992,288123,0,0,288123,0,288123,82576,0,82576,82576
1848,chn,China,1993,287424,0,0,287424,0,287424,111507,0,111507,111507
1849,chn,China,1994,287065,0,0,287065,0,287065,113908,0,113908,113908
1850,chn,China,1995,288310,0,0,288310,0,288310,104691,0,104691,104691
1851,chn,China,1996,290099,0,0,290099,0,290099,105806,0,105806,105806
1852,chn,China,1997,291506,0,0,291506,0,291506,106731,0,106731,106731
1853,chn,China,1998,292345,0,0,292345,0,292345,109396,0,109401,109401
1854,chn,China,1999,293297,0,0,293297,0,293297,111950,0,111950,111950
1855,chn,China,2000,294109,10,0,294119,0,294119,110967,17178,128145,128145
1856,chn,China,2001,295321,0,0,295321,0,295321,117403,19783,137186,137186
1857,chn,China,2002,297273,5,0,297278,0,297278,132099,25224,157323,157323
1858,chn,China,2003,299347,39,0,299386,0,299386,132390,21257,153647,153647
1859,chn,China,2004,299367,35,0,299402,0,299402,134708,19725,154433,154433
1860,chn,China,2005,301039,68,0,301107,0,301107,124086,19378,143464,143464
1861,chn,China,2006,301024,72,19,301115,0,301115,140584,17278,157862,157862
1862,chn,China,2007,301075,59,22,301156,0,301156,149087,15526,164613,164613
1863,chn,China,2008,300966,12,5,300983,0,300983,175169,19615,194784,194784
1864,chn,China,2009,300985,39,5,301029,0,301029,180546,18325,198871,198871
1865,chn,China,2010,300984,120,0,301104,0,301104,184601,7732,192333,192333
1866,chn,China,2011,301016,26,0,301042,0,301042,190369,11375,201744,201744
1867,chn,China,2012,301037,253,0,301290,0,301290,193449,15362,208811,208811
1868,chn,China,2013,301045,374,0,301419,0,301419,195121,24799,219920,219920
1869,chn,China,2014,301052,447,0,301499,0,301499,210793,47335,258128,258128
1870,chn,China,2015,301044,672,0,301716,0,301716,212911,57693,270604,270604
1871,chn,China,2016,317254,647,0,317901,0,317901,207768,72165,279933,279933
1872,chn,China,2017,321714,691,0,322405,0,322405,207716,89508,297224,297224
1873,chn,China,2018,321758,583,0,322341,0,322341,212039,94351,306390,306390
1874,chn,China,2019,303379,644,0,304023,0,304023,212863,104248,317111,317111
1875,chn,China,2020,303405,743,0,304148,0,304148,175361,108071,283438,283438
1876,chn,China,2021,303436,785,0,304221,0,304221,170222,118476,288708,288708
1877,chn,China,2022,320,785,0,1105,0,1105,161366,116338,277854,277854
1878,chn,China,2023,296,699,0,995,0,995,160565,137143,297761,297761
1879,chn,China,2024,261,553,0,814,0,814,153564,180960,334532,334532
1880,col,Colombia,1970,1500,0,0,1500,0,1500,0,0,0,0
1881,col,Colombia,1971,1400,0,0,1400,0,1400,0,0,0,0
1882,col,Colombia,1972,1350,0,0,1350,0,1350,0,0,0,0
1883,col,Colombia,1973,1450,0,0,1450,0,1450,0,0,0,0
1884,col,Colombia,1974,1200,0,0,1200,0,1200,0,0,0,0
1885,col,Colombia,1975,0,0,0,0,0,0,0,0,0,0
1886,col,Colombia,1976,0,0,0,0,0,0,0,0,0,0
1887,col,Colombia,1977,1800,0,0,1800,0,1800,0,0,0,0
1888,col,Colombia,1978,1500,0,0,1500,0,1500,0,0,0,0
1889,col,Colombia,1979,2000,0,0,2000,0,2000,0,0,0,0
1890,col,Colombia,1980,2000,0,0,2000,0,2000,0,0,0,0
1891,col,Colombia,1981,1800,0,0,1800,0,1800,50,0,50,50
1892,col,Colombia,1982,150,0,0,150,0,150,100,0,100,100
1893,col,Colombia,1983,210,0,0,210,0,210,0,0,0,0
1894,col,Colombia,1984,330,0,0,330,0,330,0,0,0,0
1895,col,Colombia,1985,400,0,0,400,0,400,60,0,60,60
1896,col,Colombia,1986,240,0,0,240,0,240,50,0,50,50
1897,col,Colombia,1987,680,0,0,680,0,680,50,0,50,50
1898,col,Colombia,1988,720,0,0,720,0,720,35,0,35,35
1899,col,Colombia,1989,700,0,0,700,0,700,65,0,65,65
1900,col,Colombia,1990,460,0,0,460,0,460,493,0,493,493
1901,col,Colombia,1991,450,0,0,450,0,450,738,0,738,738
1902,col,Colombia,1992,478,0,0,478,0,478,841,0,841,841
1903,col,Colombia,1993,296,0,0,296,0,296,1040,0,1040,1040
1904,col,Colombia,1994,312,0,0,312,0,312,1361,0,1361,1361
1905,col,Colombia,1995,220,0,0,220,0,220,1902,0,1902,1902
1906,col,Colombia,1996,222,0,0,222,0,222,2168,0,2168,2168
1907,col,Colombia,1997,223,0,0,223,0,223,2376,0,2376,2376
1908,col,Colombia,1998,226,0,0,226,0,226,3536,0,3536,3536
1909,col,Colombia,1999,232,0,0,232,0,232,4412,0,5612,5612
1910,col,Colombia,2000,244,12,0,256,525000,525256,9278,5003,14281,539281
1911,col,Colombia,2001,213,18,0,231,720000,720231,17937,15467,33404,753404
1912,col,Colombia,2002,208,7,0,215,950000,950215,30624,21920,102637,1052637
1913,col,Colombia,2003,189,15,0,204,1244072,1244276,37992,22938,87423,1331495
1914,col,Colombia,2004,146,28,0,174,2000000,2000174,47380,21525,95255,2095255
1915,col,Colombia,2005,152,35,0,187,2000000,2000187,60447,19744,540091,2540091
1916,col,Colombia,2006,137,72,0,209,3000000,3000209,72793,21914,561707,3561707
1917,col,Colombia,2007,164,83,0,247,3000000,3000247,551741,43097,594838,3594838
1918,col,Colombia,2008,165,71,0,236,3000000,3000236,373532,52620,426152,3426152
1919,col,Colombia,2009,184,118,0,302,3303979,3304281,389753,64335,454088,3758067
1920,col,Colombia,2010,198,165,0,363,3672054,3672417,395579,60336,455915,4127969
1921,col,Colombia,2011,208,115,0,323,3888309,3888632,395950,42586,438536,4326845
1922,col,Colombia,2012,204,70,0,274,3943509,3943783,394112,18635,412747,4356256
1923,col,Colombia,2013,207,58,0,265,5368138,5368403,396711,15638,412349,5780487
1924,col,Colombia,2014,198,154,0,352,6044151,6044503,360291,4713,365004,6409155
1925,col,Colombia,2015,212,105,0,317,6939067,6939384,340116,6879,346995,7286062
1926,col,Colombia,2016,241,368,0,609,7410816,7411425,311059,12581,323640,7734456
1927,col,Colombia,2017,260,525,68734,69519,7677609,7747128,191635,32478,224113,7901722
1928,col,Colombia,2018,294,2851,0,3145,7816473,7819618,138583,45674,184257,8000730
1929,col,Colombia,2019,634,9094,400000,409728,7976412,8386140,189254,75548,664802,8641214
1930,col,Colombia,2020,957,19933,500000,520890,8252788,8773678,189866,70917,760796,9013584
1931,col,Colombia,2021,1504,28920,500000,530424,6766002,7296426,115792,80705,700835,7466837
1932,col,Colombia,2022,1607,22675,522523,546805,6834492,7381297,109012,144210,815101,7649593
1933,col,Colombia,2023,1382,23842,516614,541838,6918373,7460211,115513,301824,950299,7868672
1934,col,Colombia,2024,1306,29305,329,30940,7031498,7062438,77775,397872,518173,7549671
1935,com,Comoros,1989,0,0,0,0,0,0,5,0,5,5
1936,com,Comoros,1990,0,0,0,0,0,0,5,0,5,5
1937,com,Comoros,1991,0,0,0,0,0,0,0,0,0,0
1938,com,Comoros,1992,0,0,0,0,0,0,0,0,0,0
1939,com,Comoros,1993,0,0,0,0,0,0,0,0,0,0
1940,com,Comoros,1994,0,0,0,0,0,0,5,0,5,5
1941,com,Comoros,1995,0,0,0,0,0,0,10,0,10,10
1942,com,Comoros,1996,0,0,0,0,0,0,10,0,10,10
1943,com,Comoros,1997,0,0,0,0,0,0,5,0,5,5
1944,com,Comoros,1998,0,0,0,0,0,0,27,0,27,27
1945,com,Comoros,1999,9,0,0,9,0,9,27,0,27,27
1946,com,Comoros,2000,13,0,0,13,0,13,25,96,121,121
1947,com,Comoros,2001,12,0,0,12,0,12,25,82,107,107
1948,com,Comoros,2002,0,0,0,0,0,0,40,36,76,76
1949,com,Comoros,2003,0,0,0,0,0,0,62,45,107,107
1950,com,Comoros,2004,0,0,0,0,0,0,52,517,569,569
1951,com,Comoros,2005,0,0,0,0,0,0,64,509,573,573
1952,com,Comoros,2006,0,0,0,0,0,0,73,5,78,78
1953,com,Comoros,2007,0,0,0,0,0,0,93,41,134,134
1954,com,Comoros,2008,0,0,0,0,0,0,376,36,412,412
1955,com,Comoros,2009,0,0,0,0,0,0,268,5,273,273
1956,com,Comoros,2010,0,0,0,0,0,0,365,5,370,370
1957,com,Comoros,2011,0,0,0,0,0,0,420,28,448,448
1958,com,Comoros,2012,0,0,0,0,0,0,449,54,503,503
1959,com,Comoros,2013,0,0,0,0,0,0,509,318,827,827
1960,com,Comoros,2014,0,0,0,0,0,0,580,348,928,928
1961,com,Comoros,2015,0,0,0,0,0,0,550,226,776,776
1962,com,Comoros,2016,0,0,0,0,0,0,572,226,798,798
1963,com,Comoros,2017,0,0,0,0,0,0,600,322,922,922
1964,com,Comoros,2018,0,0,0,0,0,0,624,500,1124,1124
1965,com,Comoros,2019,0,0,0,0,0,0,658,1459,2117,2117
1966,com,Comoros,2020,0,0,0,0,0,0,748,2688,3436,3436
1967,com,Comoros,2021,27,0,0,27,0,27,1670,1833,3503,3503
1968,com,Comoros,2022,12,5,0,17,0,17,1900,792,2692,2692
1969,com,Comoros,2023,10,0,0,10,0,10,2194,921,3115,3115
1970,com,Comoros,2024,5,13,0,18,0,18,2322,468,2790,2790
1971,cod,"Congo, Dem. Rep.",1960,150000,0,0,150000,0,150000,0,0,0,0
1972,cod,"Congo, Dem. Rep.",1961,203000,0,0,203000,0,203000,0,0,0,0
1973,cod,"Congo, Dem. Rep.",1962,223000,0,0,223000,0,223000,0,0,0,0
1974,cod,"Congo, Dem. Rep.",1963,237000,0,0,237000,0,237000,0,0,0,0
1975,cod,"Congo, Dem. Rep.",1964,236000,0,0,236000,0,236000,58700,0,58700,58700
1976,cod,"Congo, Dem. Rep.",1965,265000,0,0,265000,0,265000,47000,0,47000,47000
1977,cod,"Congo, Dem. Rep.",1966,357100,0,0,357100,0,357100,74800,0,74800,74800
1978,cod,"Congo, Dem. Rep.",1967,434100,0,0,434100,0,434100,78190,0,78190,78190
1979,cod,"Congo, Dem. Rep.",1968,475400,0,0,475400,0,475400,67330,0,67330,67330
1980,cod,"Congo, Dem. Rep.",1969,496300,0,0,496300,0,496300,54530,0,54530,54530
1981,cod,"Congo, Dem. Rep.",1970,489000,0,0,489000,0,489000,51650,0,51650,51650
1982,cod,"Congo, Dem. Rep.",1971,474250,0,0,474250,0,474250,43470,0,43470,43470
1983,cod,"Congo, Dem. Rep.",1972,495250,0,0,495250,0,495250,43920,0,43920,43920
1984,cod,"Congo, Dem. Rep.",1973,460050,0,0,460050,0,460050,43380,0,43380,43380
1985,cod,"Congo, Dem. Rep.",1974,503250,0,0,503250,0,503250,39820,0,39820,39820
1986,cod,"Congo, Dem. Rep.",1975,510000,0,0,510000,0,510000,39410,0,39410,39410
1987,cod,"Congo, Dem. Rep.",1976,515000,0,0,515000,0,515000,44070,0,44070,44070
1988,cod,"Congo, Dem. Rep.",1977,530300,0,0,530300,0,530300,264940,0,264940,264940
1989,cod,"Congo, Dem. Rep.",1978,653000,0,0,653000,0,653000,151560,0,151560,151560
1990,cod,"Congo, Dem. Rep.",1979,710480,0,0,710480,0,710480,70450,0,70450,70450
1991,cod,"Congo, Dem. Rep.",1980,611110,0,0,611110,0,611110,116750,0,116750,116750
1992,cod,"Congo, Dem. Rep.",1981,576740,0,0,576740,0,576740,118970,0,118970,118970
1993,cod,"Congo, Dem. Rep.",1982,497600,0,0,497600,0,497600,92455,0,92455,92455
1994,cod,"Congo, Dem. Rep.",1983,303500,0,0,303500,0,303500,101571,0,101571,101571
1995,cod,"Congo, Dem. Rep.",1984,337330,0,0,337330,0,337330,94512,0,94512,94512
1996,cod,"Congo, Dem. Rep.",1985,283000,0,0,283000,0,283000,86418,0,86418,86418
1997,cod,"Congo, Dem. Rep.",1986,301230,0,0,301230,0,301230,96619,0,96619,96619
1998,cod,"Congo, Dem. Rep.",1987,320000,0,0,320000,0,320000,69428,0,69428,69428
1999,cod,"Congo, Dem. Rep.",1988,340675,0,0,340675,0,340675,103537,0,103537,103537
2000,cod,"Congo, Dem. Rep.",1989,340689,0,0,340689,0,340689,100786,0,100786,100786
2001,cod,"Congo, Dem. Rep.",1990,416435,0,0,416435,0,416435,67423,0,67423,67423
2002,cod,"Congo, Dem. Rep.",1991,482959,0,0,482959,0,482959,65816,0,65816,65816
2003,cod,"Congo, Dem. Rep.",1992,391127,0,0,391127,0,391127,81269,0,81269,81269
2004,cod,"Congo, Dem. Rep.",1993,572070,0,0,572070,0,572070,74817,0,74817,74817
2005,cod,"Congo, Dem. Rep.",1994,1724365,0,0,1724365,0,1724365,73279,0,73279,73279
2006,cod,"Congo, Dem. Rep.",1995,1433760,0,0,1433760,0,1433760,89742,0,89742,89742
2007,cod,"Congo, Dem. Rep.",1996,675972,0,0,675972,0,675972,158794,0,158794,158794
2008,cod,"Congo, Dem. Rep.",1997,297536,0,0,297536,0,297536,173994,0,173994,173994
2009,cod,"Congo, Dem. Rep.",1998,240214,0,0,240214,0,240214,158828,0,159114,159114
2010,cod,"Congo, Dem. Rep.",1999,285270,0,0,285270,0,285270,255942,0,256228,256228
2011,cod,"Congo, Dem. Rep.",2000,332509,143,0,332652,3000,335652,371705,19844,391596,394596
2012,cod,"Congo, Dem. Rep.",2001,362014,299,0,362313,3458,365771,392142,28257,420399,423857
2013,cod,"Congo, Dem. Rep.",2002,332978,391,0,333369,9000,342369,421355,44078,465433,474433
2014,cod,"Congo, Dem. Rep.",2003,234033,441,0,234474,0,234474,453465,51942,505407,505407
2015,cod,"Congo, Dem. Rep.",2004,199323,348,0,199671,0,199671,462186,50911,513097,513097
2016,cod,"Congo, Dem. Rep.",2005,204341,139,0,204480,0,204480,430919,55950,486869,486869
2017,cod,"Congo, Dem. Rep.",2006,208371,93,0,208464,1075297,1283761,401908,29211,431119,1506416
2018,cod,"Congo, Dem. Rep.",2007,177390,96,0,177486,1317879,1495365,370372,36291,406663,1724542
2019,cod,"Congo, Dem. Rep.",2008,155162,5,10,155177,1460102,1615279,367991,36277,404268,1864370
2020,cod,"Congo, Dem. Rep.",2009,185809,637,8,186454,2052677,2239131,455852,31104,486956,2539633
2021,cod,"Congo, Dem. Rep.",2010,166333,920,0,167253,1721382,1888635,476691,43082,519773,2241155
2022,cod,"Congo, Dem. Rep.",2011,152748,1131,0,153879,1709278,1863157,491470,52315,544119,2253397
2023,cod,"Congo, Dem. Rep.",2012,65106,1821,71815,138742,2669069,2807811,509275,58670,567945,3237014
2024,cod,"Congo, Dem. Rep.",2013,113357,1453,71257,186067,2963799,3149866,499551,65353,564991,3528790
2025,cod,"Congo, Dem. Rep.",2014,119752,1182,153136,274070,2756585,3030655,516765,67339,696413,3452998
2026,cod,"Congo, Dem. Rep.",2015,383095,978,14474,398547,1555112,1953659,541487,76029,627439,2182551
2027,cod,"Congo, Dem. Rep.",2016,451957,1324,0,453281,2232900,2686181,537474,82709,629656,2862556
2028,cod,"Congo, Dem. Rep.",2017,537089,807,0,537896,4351376,4889272,620805,136152,767512,5118888
2029,cod,"Congo, Dem. Rep.",2018,529065,5770,0,534835,4516866,5051701,720302,133422,864586,5381452
2030,cod,"Congo, Dem. Rep.",2019,523733,3192,0,526925,5014253,5541178,802974,145502,961604,5975857
2031,cod,"Congo, Dem. Rep.",2020,490243,1480,0,491723,5198131,5689854,840392,145372,999841,6197972
2032,cod,"Congo, Dem. Rep.",2021,524148,2218,0,526366,5407840,5934206,908401,148099,1071843,6479683
2033,cod,"Congo, Dem. Rep.",2022,520544,2147,49,522740,5541021,6063761,932680,135099,1084592,6625613
2034,cod,"Congo, Dem. Rep.",2023,523392,3106,61,526559,6251790,6778349,978209,149805,1146489,7398279
2035,cod,"Congo, Dem. Rep.",2024,517404,1041,82,518527,6905511,7424038,1060086,165456,1245023,8150534
2036,cog,"Congo, Rep.",1965,0,0,0,0,0,0,0,0,0,0
2037,cog,"Congo, Rep.",1966,0,0,0,0,0,0,0,0,0,0
2038,cog,"Congo, Rep.",1967,0,0,0,0,0,0,930,0,930,930
2039,cog,"Congo, Rep.",1968,0,0,0,0,0,0,330,0,330,330
2040,cog,"Congo, Rep.",1969,500,0,0,500,0,500,0,0,0,0
2041,cog,"Congo, Rep.",1970,500,0,0,500,0,500,0,0,0,0
2042,cog,"Congo, Rep.",1971,0,0,0,0,0,0,0,0,0,0
2043,cog,"Congo, Rep.",1972,0,0,0,0,0,0,0,0,0,0
2044,cog,"Congo, Rep.",1973,0,0,0,0,0,0,0,0,0,0
2045,cog,"Congo, Rep.",1974,10000,0,0,10000,0,10000,0,0,0,0
2046,cog,"Congo, Rep.",1975,5000,0,0,5000,0,5000,110,0,110,110
2047,cog,"Congo, Rep.",1976,0,0,0,0,0,0,0,0,0,0
2048,cog,"Congo, Rep.",1977,0,0,0,0,0,0,0,0,0,0
2049,cog,"Congo, Rep.",1978,150,0,0,150,0,150,0,0,0,0
2050,cog,"Congo, Rep.",1979,0,0,0,0,0,0,0,0,0,0
2051,cog,"Congo, Rep.",1980,0,0,0,0,0,0,6,0,6,6
2052,cog,"Congo, Rep.",1981,0,0,0,0,0,0,6,0,6,6
2053,cog,"Congo, Rep.",1982,0,0,0,0,0,0,6,0,6,6
2054,cog,"Congo, Rep.",1983,1000,0,0,1000,0,1000,6,0,6,6
2055,cog,"Congo, Rep.",1984,1000,0,0,1000,0,1000,6,0,6,6
2056,cog,"Congo, Rep.",1985,1200,0,0,1200,0,1200,6,0,6,6
2057,cog,"Congo, Rep.",1986,1580,0,0,1580,0,1580,6,0,6,6
2058,cog,"Congo, Rep.",1987,2120,0,0,2120,0,2120,0,0,0,0
2059,cog,"Congo, Rep.",1988,2160,0,0,2160,0,2160,0,0,0,0
2060,cog,"Congo, Rep.",1989,3401,0,0,3401,0,3401,0,0,0,0
2061,cog,"Congo, Rep.",1990,2990,0,0,2990,0,2990,0,0,0,0
2062,cog,"Congo, Rep.",1991,3395,0,0,3395,0,3395,5,0,5,5
2063,cog,"Congo, Rep.",1992,3385,0,0,3385,0,3385,7,0,7,7
2064,cog,"Congo, Rep.",1993,13646,0,0,13646,0,13646,7,0,7,7
2065,cog,"Congo, Rep.",1994,15522,0,0,15522,0,15522,33,0,33,33
2066,cog,"Congo, Rep.",1995,19404,0,0,19404,0,19404,172,0,172,172
2067,cog,"Congo, Rep.",1996,20451,0,0,20451,0,20451,214,0,214,214
2068,cog,"Congo, Rep.",1997,20700,0,0,20700,0,20700,21143,0,21143,21143
2069,cog,"Congo, Rep.",1998,27176,0,0,27176,0,27176,17141,0,17164,17164
2070,cog,"Congo, Rep.",1999,39870,0,0,39870,0,39870,27297,0,27297,27297
2071,cog,"Congo, Rep.",2000,123190,875,0,124065,0,124065,27570,4142,31766,31766
2072,cog,"Congo, Rep.",2001,119146,2436,0,121582,0,121582,24237,4258,28495,28495
2073,cog,"Congo, Rep.",2002,109201,2754,0,111955,0,111955,27994,7017,35011,35011
2074,cog,"Congo, Rep.",2003,91362,3222,0,94584,0,94584,28950,6952,35902,35902
2075,cog,"Congo, Rep.",2004,68536,3230,0,71766,0,71766,28140,7141,35281,35281
2076,cog,"Congo, Rep.",2005,66075,3482,0,69557,0,69557,24428,8168,32596,32596
2077,cog,"Congo, Rep.",2006,55788,4287,0,60075,3492,63567,20599,4864,25463,28955
2078,cog,"Congo, Rep.",2007,38472,4791,0,43263,0,43263,19726,6072,25798,25798
2079,cog,"Congo, Rep.",2008,24771,3250,0,28021,0,28021,19922,5044,24971,24971
2080,cog,"Congo, Rep.",2009,111403,4915,0,116318,0,116318,20546,3199,23753,23753
2081,cog,"Congo, Rep.",2010,133099,5518,0,138617,0,138617,20682,2999,23681,23681
2082,cog,"Congo, Rep.",2011,141224,3008,334,144566,0,144566,12836,1944,23431,23431
2083,cog,"Congo, Rep.",2012,98446,3315,980,102741,0,102741,12113,2489,14922,14922
2084,cog,"Congo, Rep.",2013,51033,2644,1055,54732,0,54732,11744,3273,15017,15017
2085,cog,"Congo, Rep.",2014,54842,3192,1050,59084,0,59084,14498,3410,18009,18009
2086,cog,"Congo, Rep.",2015,44952,4340,2858,52150,0,52150,14772,4071,18931,18931
2087,cog,"Congo, Rep.",2016,46454,6672,3155,56281,15303,71584,13291,4346,17736,33039
2088,cog,"Congo, Rep.",2017,48509,7092,3862,59463,107828,167291,13295,13068,26453,134281
2089,cog,"Congo, Rep.",2018,37491,9176,12399,59066,138000,197066,13354,11762,25208,163208
2090,cog,"Congo, Rep.",2019,25668,14417,11770,51855,134430,186285,12743,11227,24007,158437
2091,cog,"Congo, Rep.",2020,27097,13622,11920,52639,134430,187069,12590,12836,25464,159894
2092,cog,"Congo, Rep.",2021,40765,13670,10206,64641,134430,199071,14253,12795,27132,161562
2093,cog,"Congo, Rep.",2022,41557,18356,10286,70199,26875,97074,13331,9580,23009,49884
2094,cog,"Congo, Rep.",2023,60637,6585,12545,79767,0,79767,13820,10363,24284,24284
2095,cog,"Congo, Rep.",2024,62052,7714,13377,83143,0,83143,14110,12278,26508,26508
2096,cri,Costa Rica,1972,700,0,0,700,0,700,0,0,0,0
2097,cri,Costa Rica,1973,0,0,0,0,0,0,0,0,0,0
2098,cri,Costa Rica,1974,200,0,0,200,0,200,0,0,0,0
2099,cri,Costa Rica,1975,0,0,0,0,0,0,0,0,0,0
2100,cri,Costa Rica,1976,0,0,0,0,0,0,0,0,0,0
2101,cri,Costa Rica,1977,3500,0,0,3500,0,3500,0,0,0,0
2102,cri,Costa Rica,1978,133000,0,0,133000,0,133000,0,0,0,0
2103,cri,Costa Rica,1979,18610,0,0,18610,0,18610,0,0,0,0
2104,cri,Costa Rica,1980,10060,0,0,10060,0,10060,0,0,0,0
2105,cri,Costa Rica,1981,15000,0,0,15000,0,15000,0,0,0,0
2106,cri,Costa Rica,1982,16360,0,0,16360,0,16360,0,0,0,0
2107,cri,Costa Rica,1983,16910,0,0,16910,0,16910,0,0,0,0
2108,cri,Costa Rica,1984,16910,0,0,16910,0,16910,0,0,0,0
2109,cri,Costa Rica,1985,24000,0,0,24000,0,24000,0,0,0,0
2110,cri,Costa Rica,1986,31200,0,0,31200,0,31200,0,0,0,0
2111,cri,Costa Rica,1987,31600,0,0,31600,0,31600,0,0,0,0
2112,cri,Costa Rica,1988,278800,0,0,278800,0,278800,0,0,0,0
2113,cri,Costa Rica,1989,278800,0,0,278800,0,278800,0,0,0,0
2114,cri,Costa Rica,1990,276210,0,0,276210,0,276210,0,0,0,0
2115,cri,Costa Rica,1991,117492,0,0,117492,0,117492,0,0,0,0
2116,cri,Costa Rica,1992,114392,0,0,114392,0,114392,5,0,5,5
2117,cri,Costa Rica,1993,24834,0,0,24834,0,24834,5,0,5,5
2118,cri,Costa Rica,1994,24630,0,0,24630,0,24630,222,0,222,222
2119,cri,Costa Rica,1995,24226,0,0,24226,0,24226,209,0,209,209
2120,cri,Costa Rica,1996,23176,0,0,23176,0,23176,136,0,136,136
2121,cri,Costa Rica,1997,23114,0,0,23114,0,23114,86,0,86,86
2122,cri,Costa Rica,1998,22986,0,0,22986,0,22986,50,0,50,50
2123,cri,Costa Rica,1999,22903,0,0,22903,0,22903,73,0,73,73
2124,cri,Costa Rica,2000,5519,1089,0,6608,0,6608,55,226,281,281
2125,cri,Costa Rica,2001,8104,2588,0,10692,0,10692,86,671,757,757
2126,cri,Costa Rica,2002,12433,85,0,12518,0,12518,97,1730,1827,1827
2127,cri,Costa Rica,2003,13508,79,0,13587,0,13587,91,1468,1559,1559
2128,cri,Costa Rica,2004,10413,223,0,10636,0,10636,136,351,487,487
2129,cri,Costa Rica,2005,11253,223,0,11476,0,11476,176,133,309,309
2130,cri,Costa Rica,2006,11515,332,5055,16902,0,16902,283,74,357,357
2131,cri,Costa Rica,2007,17176,503,0,17679,0,17679,361,61,422,422
2132,cri,Costa Rica,2008,18119,441,0,18560,0,18560,354,65,419,419
2133,cri,Costa Rica,2009,19101,575,0,19676,0,19676,344,76,420,420
2134,cri,Costa Rica,2010,19486,377,0,19863,0,19863,352,74,426,426
2135,cri,Costa Rica,2011,20044,451,0,20495,0,20495,332,39,371,371
2136,cri,Costa Rica,2012,20435,624,0,21059,0,21059,325,23,348,348
2137,cri,Costa Rica,2013,20554,593,0,21147,0,21147,463,460,923,923
2138,cri,Costa Rica,2014,20726,1751,0,22477,0,22477,414,125,539,539
2139,cri,Costa Rica,2015,3603,3259,0,6862,0,6862,374,213,587,587
2140,cri,Costa Rica,2016,4162,3626,0,7788,0,7788,202,312,514,514
2141,cri,Costa Rica,2017,4479,7428,0,11907,0,11907,195,486,681,681
2142,cri,Costa Rica,2018,4531,32595,40,37166,0,37166,207,548,755,755
2143,cri,Costa Rica,2019,6204,87154,69,93427,0,93427,206,739,945,945
2144,cri,Costa Rica,2020,9593,89744,0,99337,0,99337,208,800,1008,1008
2145,cri,Costa Rica,2021,10224,152507,10,162741,0,162741,235,989,1224,1224
2146,cri,Costa Rica,2022,14088,239640,45,253773,0,253773,275,1279,1554,1554
2147,cri,Costa Rica,2023,23422,193718,32853,249993,0,249993,207,1684,1891,1891
2148,cri,Costa Rica,2024,31632,217889,17101,266622,0,266622,316,2381,2697,2697
2149,civ,Cote d'Ivoire,1969,12000,0,0,12000,0,12000,0,0,0,0
2150,civ,Cote d'Ivoire,1970,0,0,0,0,0,0,0,0,0,0
2151,civ,Cote d'Ivoire,1971,300,0,0,300,0,300,0,0,0,0
2152,civ,Cote d'Ivoire,1972,0,0,0,0,0,0,0,0,0,0
2153,civ,Cote d'Ivoire,1973,0,0,0,0,0,0,0,0,0,0
2154,civ,Cote d'Ivoire,1974,0,0,0,0,0,0,0,0,0,0
2155,civ,Cote d'Ivoire,1975,300000,0,0,300000,0,300000,0,0,0,0
2156,civ,Cote d'Ivoire,1976,500070,0,0,500070,0,500070,0,0,0,0
2157,civ,Cote d'Ivoire,1977,0,0,0,0,0,0,0,0,0,0
2158,civ,Cote d'Ivoire,1978,0,0,0,0,0,0,0,0,0,0
2159,civ,Cote d'Ivoire,1979,0,0,0,0,0,0,0,0,0,0
2160,civ,Cote d'Ivoire,1980,0,0,0,0,0,0,0,0,0,0
2161,civ,Cote d'Ivoire,1981,0,0,0,0,0,0,0,0,0,0
2162,civ,Cote d'Ivoire,1982,0,0,0,0,0,0,0,0,0,0
2163,civ,Cote d'Ivoire,1983,450,0,0,450,0,450,0,0,0,0
2164,civ,Cote d'Ivoire,1984,650,0,0,650,0,650,0,0,0,0
2165,civ,Cote d'Ivoire,1985,810,0,0,810,0,810,0,0,0,0
2166,civ,Cote d'Ivoire,1986,880,0,0,880,0,880,0,0,0,0
2167,civ,Cote d'Ivoire,1987,800,0,0,800,0,800,0,0,0,0
2168,civ,Cote d'Ivoire,1988,800,0,0,800,0,800,0,0,0,0
2169,civ,Cote d'Ivoire,1989,480,0,0,480,0,480,0,0,0,0
2170,civ,Cote d'Ivoire,1990,272281,0,0,272281,0,272281,0,0,0,0
2171,civ,Cote d'Ivoire,1991,230290,0,0,230290,0,230290,15,0,15,15
2172,civ,Cote d'Ivoire,1992,174076,0,0,174076,0,174076,37,0,37,37
2173,civ,Cote d'Ivoire,1993,251578,0,0,251578,0,251578,41,0,41,41
2174,civ,Cote d'Ivoire,1994,360106,0,0,360106,0,360106,102,0,102,102
2175,civ,Cote d'Ivoire,1995,297908,0,0,297908,0,297908,203,0,203,203
2176,civ,Cote d'Ivoire,1996,327696,0,0,327696,0,327696,272,0,272,272
2177,civ,Cote d'Ivoire,1997,208509,0,0,208509,0,208509,355,0,355,355
2178,civ,Cote d'Ivoire,1998,151187,0,0,151187,0,151187,531,0,531,531
2179,civ,Cote d'Ivoire,1999,138433,0,0,138433,0,138433,561,0,561,561
2180,civ,Cote d'Ivoire,2000,120694,2239,0,122933,0,122933,771,678,1449,1449
2181,civ,Cote d'Ivoire,2001,126239,2321,0,128560,0,128560,856,785,1641,1641
2182,civ,Cote d'Ivoire,2002,44751,1139,0,45890,100000,145890,23731,1688,25419,125419
2183,civ,Cote d'Ivoire,2003,75967,1318,0,77285,38039,115324,33625,3294,36919,74958
2184,civ,Cote d'Ivoire,2004,72084,2102,0,74186,38039,112225,23649,4742,28391,66430
2185,civ,Cote d'Ivoire,2005,41624,2436,0,44060,38039,82099,18333,6348,24681,62720
2186,civ,Cote d'Ivoire,2006,27279,2301,0,29580,709228,738808,26304,6377,32681,741909
2187,civ,Cote d'Ivoire,2007,24640,1770,0,26410,709048,735458,22222,7416,29638,738686
2188,civ,Cote d'Ivoire,2008,24802,293,0,25095,683956,709051,22218,6459,28677,712633
2189,civ,Cote d'Ivoire,2009,24598,217,0,24815,519140,543955,23148,5262,28410,547550
2190,civ,Cote d'Ivoire,2010,26213,246,0,26459,514515,540974,41747,6014,47761,562276
2191,civ,Cote d'Ivoire,2011,24212,659,938,25809,126668,152477,154818,18197,173953,300621
2192,civ,Cote d'Ivoire,2012,3972,508,332,4812,45000,49812,100709,11192,112233,157233
2193,civ,Cote d'Ivoire,2013,2970,596,132,3698,24000,27698,85650,10985,96635,120635
2194,civ,Cote d'Ivoire,2014,1918,660,59,2637,24000,26637,71956,13404,85401,109401
2195,civ,Cote d'Ivoire,2015,1972,644,54,2670,308272,310942,71107,13752,84903,393175
2196,civ,Cote d'Ivoire,2016,1397,276,118,1791,0,1791,46811,18628,65456,65456
2197,civ,Cote d'Ivoire,2017,1559,368,165,2092,0,2092,40009,26535,66564,66564
2198,civ,Cote d'Ivoire,2018,1808,198,104,2110,0,2110,38316,22855,61187,61187
2199,civ,Cote d'Ivoire,2019,2020,151,65,2236,0,2236,39351,19881,59264,59264
2200,civ,Cote d'Ivoire,2020,2086,224,50,2360,5394,7754,37525,34216,71772,77166
2201,civ,Cote d'Ivoire,2021,4349,129,138,4616,0,4616,39940,32608,72700,72700
2202,civ,Cote d'Ivoire,2022,2251,3561,139,5951,0,5951,25148,22037,47302,47302
2203,civ,Cote d'Ivoire,2023,2370,37460,0,39830,0,39830,25994,25948,51969,51969
2204,civ,Cote d'Ivoire,2024,2377,66799,93,69269,0,69269,29442,26785,56237,56237
2205,hrv,Croatia,1992,403000,0,0,403000,0,403000,168570,0,168570,168570
2206,hrv,Croatia,1993,287000,0,0,287000,344000,631000,151689,0,151689,495689
2207,hrv,Croatia,1994,183600,0,0,183600,307000,490600,76256,0,76256,383256
2208,hrv,Croatia,1995,198647,0,0,198647,198200,396847,245572,0,245572,443772
2209,hrv,Croatia,1996,165395,0,0,165395,144147,309542,310090,0,310090,454237
2210,hrv,Croatia,1997,68863,0,0,68863,79441,148304,349307,0,349307,428748
2211,hrv,Croatia,1998,29027,0,316,29343,71704,101047,338085,0,338085,409789
2212,hrv,Croatia,1999,28374,0,0,28374,52390,80764,353721,0,353721,406111
2213,hrv,Croatia,2000,22437,17,0,22454,34134,56588,335200,368,335568,369702
2214,hrv,Croatia,2001,21875,63,0,21938,23402,45340,290283,346,290629,314031
2215,hrv,Croatia,2002,8392,49,0,8441,17100,25541,274822,516,275338,292438
2216,hrv,Croatia,2003,4385,59,0,4444,12566,17010,230193,464,230657,243223
2217,hrv,Croatia,2004,3662,26,0,3688,7540,11228,215480,355,215835,223375
2218,hrv,Croatia,2005,2927,6,0,2933,4804,7737,119154,208,119362,124166
2219,hrv,Croatia,2006,2442,8,0,2450,3975,6425,93768,217,93985,97960
2220,hrv,Croatia,2007,1641,46,0,1687,2873,4560,100429,117,100546,103419
2221,hrv,Croatia,2008,1591,52,28084,29727,2497,32224,97016,129,125229,127726
2222,hrv,Croatia,2009,1240,26,23583,24849,2285,27134,76479,132,100194,102479
2223,hrv,Croatia,2010,933,64,20383,21380,2125,23505,65863,345,86654,88779
2224,hrv,Croatia,2011,818,219,21016,22053,0,22053,62653,743,84904,84904
2225,hrv,Croatia,2012,722,329,19970,21021,0,21021,62606,1293,84514,84514
2226,hrv,Croatia,2013,679,189,16046,16914,0,16914,49755,980,67626,67626
2227,hrv,Croatia,2014,724,87,15794,16605,0,16605,40121,111,56026,56026
2228,hrv,Croatia,2015,517,30,14070,14617,0,14617,33452,89,47611,47611
2229,hrv,Croatia,2016,300,529,14518,15347,0,15347,26231,343,41092,41092
2230,hrv,Croatia,2017,508,406,8019,8933,0,8933,24869,268,33156,33156
2231,hrv,Croatia,2018,787,198,4376,5361,0,5361,24105,79,28560,28560
2232,hrv,Croatia,2019,916,454,4027,5397,0,5397,23793,65,27612,27612
2233,hrv,Croatia,2020,956,567,2520,4043,0,4043,23451,58,26810,26810
2234,hrv,Croatia,2021,1020,562,546,2128,0,2128,18083,51,18348,18348
2235,hrv,Croatia,2022,20638,1200,213,22051,0,22051,17698,74,17790,17790
2236,hrv,Croatia,2023,25029,1597,202,26828,0,26828,17579,85,17676,17676
2237,hrv,Croatia,2024,28707,1220,41,29968,0,29968,17891,99,18001,18001
2238,cub,Cuba,1969,0,0,0,0,0,0,14500,0,14500,14500
2239,cub,Cuba,1970,0,0,0,0,0,0,16700,0,16700,16700
2240,cub,Cuba,1971,0,0,0,0,0,0,54500,0,54500,54500
2241,cub,Cuba,1972,0,0,0,0,0,0,17070,0,17070,17070
2242,cub,Cuba,1973,0,0,0,0,0,0,0,0,0,0
2243,cub,Cuba,1974,1300,0,0,1300,0,1300,1600,0,1600,1600
2244,cub,Cuba,1975,0,0,0,0,0,0,0,0,0,0
2245,cub,Cuba,1976,0,0,0,0,0,0,0,0,0,0
2246,cub,Cuba,1977,2600,0,0,2600,0,2600,0,0,0,0
2247,cub,Cuba,1978,4000,0,0,4000,0,4000,0,0,0,0
2248,cub,Cuba,1979,3060,0,0,3060,0,3060,3560,0,3560,3560
2249,cub,Cuba,1980,2970,0,0,2970,0,2970,1695,0,1695,1695
2250,cub,Cuba,1981,2000,0,0,2000,0,2000,2705,0,2705,2705
2251,cub,Cuba,1982,2000,0,0,2000,0,2000,655,0,655,655
2252,cub,Cuba,1983,2000,0,0,2000,0,2000,925,0,925,925
2253,cub,Cuba,1984,2000,0,0,2000,0,2000,1356,0,1356,1356
2254,cub,Cuba,1985,2000,0,0,2000,0,2000,1876,0,1876,1876
2255,cub,Cuba,1986,2000,0,0,2000,0,2000,686,0,686,686
2256,cub,Cuba,1987,2000,0,0,2000,0,2000,836,0,836,836
2257,cub,Cuba,1988,2000,0,0,2000,0,2000,3874,0,3874,3874
2258,cub,Cuba,1989,3990,0,0,3990,0,3990,7680,0,7680,7680
2259,cub,Cuba,1990,3988,0,0,3988,0,3988,13520,0,13520,13520
2260,cub,Cuba,1991,0,0,0,0,0,0,17614,0,17614,17614
2261,cub,Cuba,1992,5092,0,0,5092,0,5092,21273,0,21273,21273
2262,cub,Cuba,1993,3611,0,0,3611,0,3611,22409,0,22409,22409
2263,cub,Cuba,1994,1993,0,0,1993,0,1993,23320,0,23320,23320
2264,cub,Cuba,1995,1831,0,0,1831,0,1831,24857,0,24857,24857
2265,cub,Cuba,1996,1700,0,0,1700,0,1700,25462,0,25462,25462
2266,cub,Cuba,1997,1274,0,0,1274,0,1274,24911,0,24911,24911
2267,cub,Cuba,1998,1065,0,0,1065,0,1065,23559,0,23559,23559
2268,cub,Cuba,1999,956,0,0,956,0,956,23322,0,23322,23322
2269,cub,Cuba,2000,951,12,0,963,0,963,20077,3464,23541,23541
2270,cub,Cuba,2001,1033,12,0,1045,0,1045,18950,3526,22476,22476
2271,cub,Cuba,2002,1001,0,0,1001,0,1001,18035,2678,20713,20713
2272,cub,Cuba,2003,833,5,0,838,0,838,16084,2214,18298,18298
2273,cub,Cuba,2004,791,0,0,791,0,791,15671,1985,17656,17656
2274,cub,Cuba,2005,697,26,0,723,0,723,19003,1671,20674,20674
2275,cub,Cuba,2006,656,20,0,676,0,676,33580,1321,34901,34901
2276,cub,Cuba,2007,617,9,0,626,0,626,7496,1065,8561,8561
2277,cub,Cuba,2008,523,6,0,529,0,529,7928,867,8795,8795
2278,cub,Cuba,2009,445,0,0,445,0,445,7537,2213,9750,9750
2279,cub,Cuba,2010,406,11,0,417,0,417,7460,4380,11840,11840
2280,cub,Cuba,2011,381,0,0,381,0,381,7845,908,8753,8753
2281,cub,Cuba,2012,366,5,0,371,0,371,7722,823,8545,8545
2282,cub,Cuba,2013,377,0,0,377,0,377,7453,1120,8573,8573
2283,cub,Cuba,2014,276,6,0,282,0,282,7497,1815,9432,9432
2284,cub,Cuba,2015,300,23,0,323,0,323,6827,2353,9255,9255
2285,cub,Cuba,2016,312,28,0,340,0,340,5940,5025,10965,10965
2286,cub,Cuba,2017,343,15,0,358,0,358,5331,13258,18589,18589
2287,cub,Cuba,2018,287,24,0,311,0,311,5488,26597,32085,32085
2288,cub,Cuba,2019,233,32,0,265,0,265,6625,55944,62569,62569
2289,cub,Cuba,2020,222,10,0,232,0,232,8912,62234,71276,71276
2290,cub,Cuba,2021,199,14,7,220,0,220,11534,71590,96788,96788
2291,cub,Cuba,2022,174,8,0,182,0,182,14676,240994,401975,401975
2292,cub,Cuba,2023,136,25,6,167,0,167,18560,329692,372815,372815
2293,cub,Cuba,2024,130,41,5,176,0,176,23865,344138,401437,401437
2294,cyp,Cyprus,1968,200,0,0,200,0,200,0,0,0,0
2295,cyp,Cyprus,1969,200,0,0,200,0,200,0,0,0,0
2296,cyp,Cyprus,1970,200,0,0,200,0,200,0,0,0,0
2297,cyp,Cyprus,1971,200,0,0,200,0,200,0,0,0,0
2298,cyp,Cyprus,1972,200,0,0,200,0,200,0,0,0,0
2299,cyp,Cyprus,1973,0,0,0,0,0,0,0,0,0,0
2300,cyp,Cyprus,1974,0,0,0,0,0,0,0,0,0,0
2301,cyp,Cyprus,1975,0,0,0,0,0,0,0,0,0,0
2302,cyp,Cyprus,1976,0,0,0,0,0,0,0,0,0,0
2303,cyp,Cyprus,1977,700,0,0,700,0,700,700,0,700,700
2304,cyp,Cyprus,1978,0,0,0,0,0,0,0,0,0,0
2305,cyp,Cyprus,1979,0,0,0,0,0,0,0,0,0,0
2306,cyp,Cyprus,1980,0,0,0,0,0,0,0,0,0,0
2307,cyp,Cyprus,1981,0,0,0,0,0,0,0,0,0,0
2308,cyp,Cyprus,1982,0,0,0,0,0,0,0,0,0,0
2309,cyp,Cyprus,1983,0,0,0,0,0,0,0,0,0,0
2310,cyp,Cyprus,1984,0,0,0,0,0,0,0,0,0,0
2311,cyp,Cyprus,1985,0,0,0,0,0,0,0,0,0,0
2312,cyp,Cyprus,1986,0,0,0,0,0,0,0,0,0,0
2313,cyp,Cyprus,1987,0,0,0,0,0,0,0,0,0,0
2314,cyp,Cyprus,1988,60,0,0,60,0,60,11,0,11,11
2315,cyp,Cyprus,1989,0,0,0,0,0,0,11,0,11,11
2316,cyp,Cyprus,1990,31,0,0,31,0,31,11,0,11,11
2317,cyp,Cyprus,1991,61,0,0,61,0,61,0,0,0,0
2318,cyp,Cyprus,1992,80,0,0,80,0,80,0,0,0,0
2319,cyp,Cyprus,1993,81,0,0,81,265000,265081,0,0,0,265000
2320,cyp,Cyprus,1994,67,0,0,67,265000,265067,6,0,6,265006
2321,cyp,Cyprus,1995,53,0,0,53,265000,265053,9,0,9,265009
2322,cyp,Cyprus,1996,45,0,0,45,265000,265045,9,0,9,265009
2323,cyp,Cyprus,1997,38,0,0,38,265000,265038,7,0,7,265007
2324,cyp,Cyprus,1998,77,0,0,77,265000,265077,10,0,10,265010
2325,cyp,Cyprus,1999,112,0,18,130,0,130,17,0,17,17
2326,cyp,Cyprus,2000,73,488,5,566,0,566,12,10,22,22
2327,cyp,Cyprus,2001,84,1855,0,1939,0,1939,5,8,13,13
2328,cyp,Cyprus,2002,171,2026,0,2197,0,2197,5,15,20,20
2329,cyp,Cyprus,2003,339,5065,0,5404,0,5404,5,5,10,10
2330,cyp,Cyprus,2004,525,9995,0,10520,0,10520,0,0,0,0
2331,cyp,Cyprus,2005,700,13054,0,13754,0,13754,5,0,5,5
2332,cyp,Cyprus,2006,926,12491,0,13417,0,13417,5,0,5,5
2333,cyp,Cyprus,2007,1194,11879,0,13073,0,13073,10,0,10,10
2334,cyp,Cyprus,2008,1458,8003,0,9461,0,9461,10,0,10,10
2335,cyp,Cyprus,2009,2888,5003,0,7891,0,7891,10,0,10,10
2336,cyp,Cyprus,2010,3397,5385,0,8782,0,8782,10,0,10,10
2337,cyp,Cyprus,2011,3498,3042,0,6540,0,6540,10,0,10,10
2338,cyp,Cyprus,2012,3627,2624,0,6251,0,6251,10,0,10,10
2339,cyp,Cyprus,2013,3879,2629,0,6508,0,6508,10,0,10,10
2340,cyp,Cyprus,2014,5120,2436,0,7556,0,7556,10,0,10,10
2341,cyp,Cyprus,2015,7062,2210,6000,15272,0,15272,0,5,5,5
2342,cyp,Cyprus,2016,8478,3049,6000,17527,0,17527,0,5,5,5
2343,cyp,Cyprus,2017,9790,5216,6000,21006,0,21006,0,20,20,20
2344,cyp,Cyprus,2018,11002,10267,6000,27269,0,27269,7,20,27,27
2345,cyp,Cyprus,2019,12311,18799,4000,35110,0,35110,0,35,35,35
2346,cyp,Cyprus,2020,13997,20483,4000,38480,0,38480,0,19,19,19
2347,cyp,Cyprus,2021,16277,25336,0,41613,0,41613,5,15,20,20
2348,cyp,Cyprus,2022,29280,36497,0,65777,0,65777,0,31,31,31
2349,cyp,Cyprus,2023,39044,31664,0,70708,0,70708,5,38,43,43
2350,cyp,Cyprus,2024,45750,27553,0,73303,0,73303,10,52,62,62
2351,cze,Czech Republic,1970,0,0,0,0,0,0,70,0,70,70
2352,cze,Czech Republic,1971,0,0,0,0,0,0,70,0,70,70
2353,cze,Czech Republic,1972,0,0,0,0,0,0,70,0,70,70
2354,cze,Czech Republic,1973,0,0,0,0,0,0,60,0,60,60
2355,cze,Czech Republic,1974,0,0,0,0,0,0,50,0,50,50
2356,cze,Czech Republic,1975,0,0,0,0,0,0,50,0,50,50
2357,cze,Czech Republic,1976,0,0,0,0,0,0,0,0,0,0
2358,cze,Czech Republic,1977,0,0,0,0,0,0,0,0,0,0
2359,cze,Czech Republic,1978,0,0,0,0,0,0,0,0,0,0
2360,cze,Czech Republic,1979,0,0,0,0,0,0,0,0,0,0
2361,cze,Czech Republic,1980,0,0,0,0,0,0,393,0,393,393
2362,cze,Czech Republic,1981,0,0,0,0,0,0,389,0,389,389
2363,cze,Czech Republic,1982,0,0,0,0,0,0,494,0,494,494
2364,cze,Czech Republic,1983,0,0,0,0,0,0,421,0,421,421
2365,cze,Czech Republic,1984,0,0,0,0,0,0,456,0,456,456
2366,cze,Czech Republic,1985,0,0,0,0,0,0,981,0,981,981
2367,cze,Czech Republic,1986,0,0,0,0,0,0,411,0,411,411
2368,cze,Czech Republic,1987,0,0,0,0,0,0,385,0,385,385
2369,cze,Czech Republic,1988,0,0,0,0,0,0,5649,0,5649,5649
2370,cze,Czech Republic,1989,0,0,0,0,0,0,5790,0,5790,5790
2371,cze,Czech Republic,1990,0,0,0,0,0,0,6123,0,6123,6123
2372,cze,Czech Republic,1991,691,0,0,691,0,691,4491,0,4491,4491
2373,cze,Czech Republic,1992,9399,0,0,9399,0,9399,3327,0,3327,3327
2374,cze,Czech Republic,1993,188,0,0,188,0,188,5017,0,5017,5017
2375,cze,Czech Republic,1994,1186,0,0,1186,0,1186,4650,0,4650,4650
2376,cze,Czech Republic,1995,2655,0,0,2655,0,2655,2040,0,2040,2040
2377,cze,Czech Republic,1996,2266,0,0,2266,0,2266,977,0,977,977
2378,cze,Czech Republic,1997,1731,0,3300,5031,0,5031,695,0,695,695
2379,cze,Czech Republic,1998,1805,0,3738,5543,0,5543,1929,0,1929,1929
2380,cze,Czech Republic,1999,1232,0,2287,3519,0,3519,1243,0,1243,1243
2381,cze,Czech Republic,2000,1186,5015,62,6263,0,6263,809,176,985,985
2382,cze,Czech Republic,2001,1217,11586,0,12803,0,12803,1177,211,1388,1388
2383,cze,Czech Republic,2002,1296,7645,0,8941,0,8941,6985,184,7169,7169
2384,cze,Czech Republic,2003,1516,3737,0,5253,0,5253,6699,344,7043,7043
2385,cze,Czech Republic,2004,1624,1113,0,2737,0,2737,4528,167,4695,4695
2386,cze,Czech Republic,2005,1803,923,0,2726,0,2726,3589,203,3792,3792
2387,cze,Czech Republic,2006,1886,2874,0,4760,0,4760,2136,181,2317,2317
2388,cze,Czech Republic,2007,2015,2180,0,4195,0,4195,1379,133,1512,1512
2389,cze,Czech Republic,2008,2095,1422,0,3517,0,3517,1354,783,2137,2137
2390,cze,Czech Republic,2009,2299,1235,0,3534,0,3534,1060,2100,3160,3160
2391,cze,Czech Republic,2010,2424,1031,0,3455,0,3455,811,1152,1963,1963
2392,cze,Czech Republic,2011,2424,909,0,3333,0,3333,758,656,1414,1414
2393,cze,Czech Republic,2012,2780,566,0,3346,0,3346,620,194,814,814
2394,cze,Czech Republic,2013,2966,292,0,3258,0,3258,984,111,1095,1095
2395,cze,Czech Republic,2014,3129,459,0,3588,0,3588,1321,97,1418,1418
2396,cze,Czech Republic,2015,3640,654,0,4294,0,4294,1280,119,1399,1399
2397,cze,Czech Republic,2016,3640,769,0,4409,0,4409,1266,233,1499,1499
2398,cze,Czech Republic,2017,3640,799,0,4439,0,4439,1272,307,1579,1579
2399,cze,Czech Republic,2018,2186,1910,0,4096,0,4096,1236,224,1460,1460
2400,cze,Czech Republic,2019,2054,1632,440,4126,0,4126,1166,181,1347,1347
2401,cze,Czech Republic,2020,1919,1537,1502,4958,0,4958,1112,158,1270,1270
2402,cze,Czech Republic,2021,1909,1073,552,3534,0,3534,758,161,919,919
2403,cze,Czech Republic,2022,435212,986,537,436735,0,436735,604,228,832,832
2404,cze,Czech Republic,2023,377120,1239,537,378896,0,378896,637,176,813,813
2405,cze,Czech Republic,2024,391133,1065,478,392676,0,392676,1057,167,1224,1224
2406,dnk,Denmark,1951,2000,0,0,2000,0,2000,0,0,0,0
2407,dnk,Denmark,1952,1800,0,0,1800,0,1800,0,0,0,0
2408,dnk,Denmark,1953,1600,0,0,1600,0,1600,0,0,0,0
2409,dnk,Denmark,1954,1400,0,0,1400,0,1400,0,0,0,0
2410,dnk,Denmark,1955,1300,0,0,1300,0,1300,0,0,0,0
2411,dnk,Denmark,1956,2500,0,0,2500,0,2500,0,0,0,0
2412,dnk,Denmark,1957,2500,0,0,2500,0,2500,0,0,0,0
2413,dnk,Denmark,1958,2500,0,0,2500,0,2500,0,0,0,0
2414,dnk,Denmark,1959,2400,0,0,2400,0,2400,0,0,0,0
2415,dnk,Denmark,1960,2300,0,0,2300,0,2300,0,0,0,0
2416,dnk,Denmark,1961,2200,0,0,2200,0,2200,0,0,0,0
2417,dnk,Denmark,1962,2200,0,0,2200,0,2200,0,0,0,0
2418,dnk,Denmark,1963,2200,0,0,2200,0,2200,0,0,0,0
2419,dnk,Denmark,1964,0,0,0,0,0,0,0,0,0,0
2420,dnk,Denmark,1965,0,0,0,0,0,0,0,0,0,0
2421,dnk,Denmark,1966,0,0,0,0,0,0,0,0,0,0
2422,dnk,Denmark,1967,0,0,0,0,0,0,0,0,0,0
2423,dnk,Denmark,1968,0,0,0,0,0,0,0,0,0,0
2424,dnk,Denmark,1969,0,0,0,0,0,0,0,0,0,0
2425,dnk,Denmark,1970,2000,0,0,2000,0,2000,0,0,0,0
2426,dnk,Denmark,1971,4400,0,0,4400,0,4400,0,0,0,0
2427,dnk,Denmark,1972,3687,0,0,3687,0,3687,0,0,0,0
2428,dnk,Denmark,1973,3687,0,0,3687,0,3687,0,0,0,0
2429,dnk,Denmark,1974,2900,0,0,2900,0,2900,0,0,0,0
2430,dnk,Denmark,1975,2125,0,0,2125,0,2125,0,0,0,0
2431,dnk,Denmark,1976,2100,0,0,2100,0,2100,0,0,0,0
2432,dnk,Denmark,1977,1764,0,0,1764,0,1764,0,0,0,0
2433,dnk,Denmark,1978,1800,0,0,1800,0,1800,0,0,0,0
2434,dnk,Denmark,1979,1800,0,0,1800,0,1800,0,0,0,0
2435,dnk,Denmark,1980,1800,0,0,1800,0,1800,0,0,0,0
2436,dnk,Denmark,1981,1800,0,0,1800,0,1800,0,0,0,0
2437,dnk,Denmark,1982,1800,0,0,1800,0,1800,0,0,0,0
2438,dnk,Denmark,1983,3600,0,0,3600,0,3600,0,0,0,0
2439,dnk,Denmark,1984,8500,0,0,8500,0,8500,0,0,0,0
2440,dnk,Denmark,1985,8500,0,0,8500,0,8500,0,0,0,0
2441,dnk,Denmark,1986,23000,0,0,23000,0,23000,0,0,0,0
2442,dnk,Denmark,1987,30000,0,0,30000,0,30000,0,0,0,0
2443,dnk,Denmark,1988,27310,0,0,27310,0,27310,0,0,0,0
2444,dnk,Denmark,1989,30726,0,0,30726,0,30726,0,0,0,0
2445,dnk,Denmark,1990,32887,0,0,32887,0,32887,0,0,0,0
2446,dnk,Denmark,1991,36100,0,0,36100,0,36100,0,0,0,0
2447,dnk,Denmark,1992,39124,0,0,39124,0,39124,0,0,0,0
2448,dnk,Denmark,1993,44570,0,0,44570,0,44570,0,0,0,0
2449,dnk,Denmark,1994,49564,0,0,49564,0,49564,11,0,11,11
2450,dnk,Denmark,1995,64850,0,0,64850,0,64850,18,0,18,18
2451,dnk,Denmark,1996,66371,0,0,66371,0,66371,34,0,34,34
2452,dnk,Denmark,1997,68106,0,0,68106,0,68106,33,0,33,33
2453,dnk,Denmark,1998,68996,0,0,68996,0,68996,28,0,28,28
2454,dnk,Denmark,1999,68982,0,0,68982,0,68982,25,0,25,25
2455,dnk,Denmark,2000,71017,6126,0,77143,0,77143,26,5,31,31
2456,dnk,Denmark,2001,73284,5569,0,78853,0,78853,5,0,5,5
2457,dnk,Denmark,2002,73600,4597,0,78197,0,78197,6,6,12,12
2458,dnk,Denmark,2003,69855,2015,0,71870,0,71870,10,5,15,15
2459,dnk,Denmark,2004,65305,820,0,66125,0,66125,10,5,15,15
2460,dnk,Denmark,2005,44362,500,0,44862,0,44862,10,5,15,15
2461,dnk,Denmark,2006,36650,436,0,37086,0,37086,10,5,15,15
2462,dnk,Denmark,2007,26779,537,0,27316,0,27316,15,0,15,15
2463,dnk,Denmark,2008,23385,485,0,23870,0,23870,10,6,16,16
2464,dnk,Denmark,2009,20340,1146,0,21486,0,21486,10,0,10,10
2465,dnk,Denmark,2010,17907,3334,0,21241,0,21241,6,0,6,6
2466,dnk,Denmark,2011,13386,1415,0,14801,0,14801,6,0,6,6
2467,dnk,Denmark,2012,11797,1539,0,13336,0,13336,6,0,6,6
2468,dnk,Denmark,2013,13153,1605,0,14758,0,14758,6,5,11,11
2469,dnk,Denmark,2014,17767,4268,0,22035,0,22035,11,10,21,21
2470,dnk,Denmark,2015,27312,2931,0,30243,0,30243,11,15,26,26
2471,dnk,Denmark,2016,33501,7001,0,40502,0,40502,0,5,5,5
2472,dnk,Denmark,2017,35668,4229,0,39897,0,39897,0,21,21,21
2473,dnk,Denmark,2018,36623,2675,0,39298,0,39298,0,35,35,35
2474,dnk,Denmark,2019,37533,1422,0,38955,0,38955,5,37,42,42
2475,dnk,Denmark,2020,36643,1331,0,37974,0,37974,5,17,22,22
2476,dnk,Denmark,2021,36023,1519,0,37542,0,37542,8,25,33,33
2477,dnk,Denmark,2022,67772,2776,0,70548,0,70548,0,35,35,35
2478,dnk,Denmark,2023,68912,2356,0,71268,0,71268,0,16,16,16
2479,dnk,Denmark,2024,98204,2628,0,100832,0,100832,16,30,46,46
2480,dji,Djibouti,1977,8000,0,0,8000,0,8000,0,0,0,0
2481,dji,Djibouti,1978,20000,0,0,20000,0,20000,0,0,0,0
2482,dji,Djibouti,1979,28800,0,0,28800,0,28800,0,0,0,0
2483,dji,Djibouti,1980,45310,0,0,45310,0,45310,0,0,0,0
2484,dji,Djibouti,1981,31800,0,0,31800,0,31800,0,0,0,0
2485,dji,Djibouti,1982,34200,0,0,34200,0,34200,0,0,0,0
2486,dji,Djibouti,1983,29170,0,0,29170,0,29170,0,0,0,0
2487,dji,Djibouti,1984,16770,0,0,16770,0,16770,0,0,0,0
2488,dji,Djibouti,1985,17280,0,0,17280,0,17280,0,0,0,0
2489,dji,Djibouti,1986,16720,0,0,16720,0,16720,0,0,0,0
2490,dji,Djibouti,1987,13140,0,0,13140,0,13140,0,0,0,0
2491,dji,Djibouti,1988,1272,0,0,1272,0,1272,0,0,0,0
2492,dji,Djibouti,1989,31409,0,0,31409,0,31409,0,0,0,0
2493,dji,Djibouti,1990,77606,0,0,77606,0,77606,5,0,5,5
2494,dji,Djibouti,1991,96144,0,0,96144,0,96144,10,0,10,10
2495,dji,Djibouti,1992,28000,0,0,28000,0,28000,10,0,10,10
2496,dji,Djibouti,1993,34065,0,0,34065,0,34065,36,0,36,36
2497,dji,Djibouti,1994,33410,0,0,33410,0,33410,18065,0,18065,18065
2498,dji,Djibouti,1995,27310,0,0,27310,0,27310,18092,0,18092,18092
2499,dji,Djibouti,1996,25080,0,0,25080,0,25080,18096,0,18096,18096
2500,dji,Djibouti,1997,23589,0,0,23589,0,23589,8143,0,8143,8143
2501,dji,Djibouti,1998,23577,0,0,23577,0,23577,3222,0,3222,3222
2502,dji,Djibouti,1999,23266,0,0,23266,0,23266,1879,0,1879,1879
2503,dji,Djibouti,2000,23238,407,0,23645,0,23645,1911,142,2053,2053
2504,dji,Djibouti,2001,23172,464,0,23636,0,23636,451,181,632,632
2505,dji,Djibouti,2002,21702,455,0,22157,0,22157,470,112,582,582
2506,dji,Djibouti,2003,27034,1651,0,28685,0,28685,520,70,590,590
2507,dji,Djibouti,2004,18033,0,0,18033,0,18033,492,36,528,528
2508,dji,Djibouti,2005,10455,17,0,10472,0,10472,498,215,713,713
2509,dji,Djibouti,2006,9257,14,0,9271,0,9271,479,106,585,585
2510,dji,Djibouti,2007,6653,484,0,7137,0,7137,645,27,672,672
2511,dji,Djibouti,2008,9228,426,0,9654,0,9654,638,55,693,693
2512,dji,Djibouti,2009,12106,912,0,13018,0,13018,613,159,772,772
2513,dji,Djibouti,2010,15102,727,7,15836,0,15836,556,226,782,782
2514,dji,Djibouti,2011,20336,1904,0,22240,0,22240,595,275,870,870
2515,dji,Djibouti,2012,19136,3093,0,22229,0,22229,626,299,925,925
2516,dji,Djibouti,2013,20010,3792,0,23802,0,23802,747,391,1138,1138
2517,dji,Djibouti,2014,20525,3832,0,24357,0,24357,870,414,1289,1289
2518,dji,Djibouti,2015,19369,2639,0,22008,0,22008,1059,542,1601,1601
2519,dji,Djibouti,2016,17683,8058,117,25858,0,25858,1437,831,2268,2268
2520,dji,Djibouti,2017,17553,9357,88,26998,0,26998,1761,1286,3047,3047
2521,dji,Djibouti,2018,18293,10479,0,28772,0,28772,2124,1100,3224,3224
2522,dji,Djibouti,2019,19639,11153,0,30792,0,30792,2351,834,3185,3185
2523,dji,Djibouti,2020,21193,10811,0,32004,0,32004,2419,883,3302,3302
2524,dji,Djibouti,2021,23232,11463,0,34695,0,34695,2607,994,3601,3601
2525,dji,Djibouti,2022,20383,9174,0,29557,0,29557,1706,1187,2893,2893
2526,dji,Djibouti,2023,23063,8442,0,31505,0,31505,1840,1574,3414,3414
2527,dji,Djibouti,2024,23987,8649,0,32636,0,32636,2055,1973,4028,4028
2528,dma,Dominica,2000,0,0,0,0,0,0,0,16,16,16
2529,dma,Dominica,2001,0,0,0,0,0,0,5,23,28,28
2530,dma,Dominica,2002,0,0,0,0,0,0,6,47,53,53
2531,dma,Dominica,2003,0,0,0,0,0,0,17,24,41,41
2532,dma,Dominica,2004,0,0,0,0,0,0,24,17,41,41
2533,dma,Dominica,2005,0,0,0,0,0,0,30,46,76,76
2534,dma,Dominica,2006,0,0,0,0,0,0,49,17,66,66
2535,dma,Dominica,2007,0,0,0,0,0,0,58,8,66,66
2536,dma,Dominica,2008,0,0,0,0,0,0,56,19,75,75
2537,dma,Dominica,2009,0,0,0,0,0,0,51,18,69,69
2538,dma,Dominica,2010,0,0,0,0,0,0,51,16,67,67
2539,dma,Dominica,2011,0,0,0,0,0,0,49,11,60,60
2540,dma,Dominica,2012,0,0,0,0,0,0,52,12,64,64
2541,dma,Dominica,2013,0,0,0,0,0,0,41,20,61,61
2542,dma,Dominica,2014,0,0,0,0,0,0,35,13,48,48
2543,dma,Dominica,2015,0,0,0,0,0,0,35,89,124,124
2544,dma,Dominica,2016,0,0,0,0,0,0,20,126,146,146
2545,dma,Dominica,2017,0,0,0,0,0,0,26,63,89,89
2546,dma,Dominica,2018,0,0,0,0,0,0,36,56,92,92
2547,dma,Dominica,2019,0,0,0,0,0,0,50,82,132,132
2548,dma,Dominica,2020,0,0,0,0,0,0,55,74,129,129
2549,dma,Dominica,2021,0,0,0,0,0,0,54,124,178,178
2550,dma,Dominica,2022,0,0,0,0,0,0,57,162,219,219
2551,dma,Dominica,2023,0,0,0,0,0,0,73,344,417,417
2552,dma,Dominica,2024,0,5,0,5,0,5,88,547,635,635
2553,dom,Dominican Republic,1970,1000,0,0,1000,0,1000,0,0,0,0
2554,dom,Dominican Republic,1971,1000,0,0,1000,0,1000,0,0,0,0
2555,dom,Dominican Republic,1972,1100,0,0,1100,0,1100,0,0,0,0
2556,dom,Dominican Republic,1973,0,0,0,0,0,0,0,0,0,0
2557,dom,Dominican Republic,1974,1000,0,0,1000,0,1000,0,0,0,0
2558,dom,Dominican Republic,1975,0,0,0,0,0,0,0,0,0,0
2559,dom,Dominican Republic,1976,0,0,0,0,0,0,0,0,0,0
2560,dom,Dominican Republic,1977,500,0,0,500,0,500,0,0,0,0
2561,dom,Dominican Republic,1978,300,0,0,300,0,300,50,0,50,50
2562,dom,Dominican Republic,1979,3300,0,0,3300,0,3300,0,0,0,0
2563,dom,Dominican Republic,1980,3800,0,0,3800,0,3800,0,0,0,0
2564,dom,Dominican Republic,1981,5000,0,0,5000,0,5000,0,0,0,0
2565,dom,Dominican Republic,1982,5000,0,0,5000,0,5000,0,0,0,0
2566,dom,Dominican Republic,1983,5000,0,0,5000,0,5000,0,0,0,0
2567,dom,Dominican Republic,1984,5130,0,0,5130,0,5130,0,0,0,0
2568,dom,Dominican Republic,1985,6000,0,0,6000,0,6000,0,0,0,0
2569,dom,Dominican Republic,1986,4980,0,0,4980,0,4980,0,0,0,0
2570,dom,Dominican Republic,1987,5000,0,0,5000,0,5000,0,0,0,0
2571,dom,Dominican Republic,1988,4686,0,0,4686,0,4686,0,0,0,0
2572,dom,Dominican Republic,1989,3320,0,0,3320,0,3320,0,0,0,0
2573,dom,Dominican Republic,1990,1966,0,0,1966,0,1966,0,0,0,0
2574,dom,Dominican Republic,1991,1571,0,0,1571,0,1571,0,0,0,0
2575,dom,Dominican Republic,1992,510,0,0,510,0,510,0,0,0,0
2576,dom,Dominican Republic,1993,1330,0,0,1330,0,1330,0,0,0,0
2577,dom,Dominican Republic,1994,1252,0,0,1252,0,1252,30,0,30,30
2578,dom,Dominican Republic,1995,982,0,0,982,0,982,30,0,30,30
2579,dom,Dominican Republic,1996,637,0,0,637,0,637,29,0,29,29
2580,dom,Dominican Republic,1997,638,0,0,638,0,638,50,0,50,50
2581,dom,Dominican Republic,1998,614,0,0,614,0,614,42,0,42,42
2582,dom,Dominican Republic,1999,621,0,0,621,0,621,45,0,45,45
2583,dom,Dominican Republic,2000,506,24,0,530,0,530,48,50,98,98
2584,dom,Dominican Republic,2001,0,0,0,0,0,0,45,124,169,169
2585,dom,Dominican Republic,2002,0,0,0,0,0,0,82,145,227,227
2586,dom,Dominican Republic,2003,0,0,0,0,0,0,89,123,212,212
2587,dom,Dominican Republic,2004,0,0,0,0,0,0,93,146,239,239
2588,dom,Dominican Republic,2005,0,0,0,0,0,0,62,77,139,139
2589,dom,Dominican Republic,2006,0,0,0,0,0,0,141,123,264,264
2590,dom,Dominican Republic,2007,0,0,0,0,0,0,352,131,483,483
2591,dom,Dominican Republic,2008,0,0,0,0,0,0,313,267,580,580
2592,dom,Dominican Republic,2009,0,0,0,0,0,0,222,401,623,623
2593,dom,Dominican Republic,2010,600,1756,0,2356,0,2356,238,386,624,624
2594,dom,Dominican Republic,2011,595,1783,0,2378,0,2378,239,347,586,586
2595,dom,Dominican Republic,2012,757,764,0,1521,0,1521,280,355,635,635
2596,dom,Dominican Republic,2013,721,822,0,1543,0,1543,298,840,1138,1138
2597,dom,Dominican Republic,2014,608,743,0,1351,0,1351,348,1139,1487,1487
2598,dom,Dominican Republic,2015,615,750,0,1365,0,1365,382,1709,2091,2091
2599,dom,Dominican Republic,2016,593,787,0,1380,0,1380,359,2354,2713,2713
2600,dom,Dominican Republic,2017,594,850,0,1444,0,1444,427,3159,3586,3586
2601,dom,Dominican Republic,2018,164,327,0,491,0,491,472,3406,3878,3878
2602,dom,Dominican Republic,2019,164,561,0,725,0,725,546,4038,4584,4584
2603,dom,Dominican Republic,2020,162,625,0,787,0,787,550,4244,4794,4794
2604,dom,Dominican Republic,2021,162,642,0,804,0,804,635,4642,5277,5277
2605,dom,Dominican Republic,2022,546,2175,0,2721,0,2721,719,6996,7715,7715
2606,dom,Dominican Republic,2023,778,4185,0,4963,0,4963,886,10791,11677,11677
2607,dom,Dominican Republic,2024,18,986,0,1004,0,1004,1080,15821,16901,16901
2608,ecu,Ecuador,1972,200,0,0,200,0,200,0,0,0,0
2609,ecu,Ecuador,1973,0,0,0,0,0,0,0,0,0,0
2610,ecu,Ecuador,1974,200,0,0,200,0,200,0,0,0,0
2611,ecu,Ecuador,1975,0,0,0,0,0,0,0,0,0,0
2612,ecu,Ecuador,1976,0,0,0,0,0,0,0,0,0,0
2613,ecu,Ecuador,1977,200,0,0,200,0,200,0,0,0,0
2614,ecu,Ecuador,1978,0,0,0,0,0,0,0,0,0,0
2615,ecu,Ecuador,1979,600,0,0,600,0,600,0,0,0,0
2616,ecu,Ecuador,1980,700,0,0,700,0,700,0,0,0,0
2617,ecu,Ecuador,1981,640,0,0,640,0,640,0,0,0,0
2618,ecu,Ecuador,1982,680,0,0,680,0,680,0,0,0,0
2619,ecu,Ecuador,1983,770,0,0,770,0,770,0,0,0,0
2620,ecu,Ecuador,1984,870,0,0,870,0,870,0,0,0,0
2621,ecu,Ecuador,1985,890,0,0,890,0,890,0,0,0,0
2622,ecu,Ecuador,1986,800,0,0,800,0,800,0,0,0,0
2623,ecu,Ecuador,1987,710,0,0,710,0,710,0,0,0,0
2624,ecu,Ecuador,1988,755,0,0,755,0,755,0,0,0,0
2625,ecu,Ecuador,1989,757,0,0,757,0,757,0,0,0,0
2626,ecu,Ecuador,1990,510,0,0,510,0,510,5,0,5,5
2627,ecu,Ecuador,1991,280,0,0,280,0,280,27,0,27,27
2628,ecu,Ecuador,1992,204,0,0,204,0,204,38,0,38,38
2629,ecu,Ecuador,1993,232,0,0,232,0,232,48,0,48,48
2630,ecu,Ecuador,1994,238,0,0,238,0,238,174,0,174,174
2631,ecu,Ecuador,1995,204,0,0,204,0,204,203,0,203,203
2632,ecu,Ecuador,1996,213,0,0,213,0,213,216,0,216,216
2633,ecu,Ecuador,1997,218,0,0,218,0,218,215,0,215,215
2634,ecu,Ecuador,1998,244,0,0,244,0,244,507,0,507,507
2635,ecu,Ecuador,1999,309,0,1200,1509,0,1509,492,0,492,492
2636,ecu,Ecuador,2000,1598,147,0,1745,0,1745,669,270,939,939
2637,ecu,Ecuador,2001,1680,2494,0,4174,0,4174,649,435,1084,1084
2638,ecu,Ecuador,2002,3225,2638,0,5863,0,5863,815,834,1649,1649
2639,ecu,Ecuador,2003,6367,2554,0,8921,0,8921,720,689,1409,1409
2640,ecu,Ecuador,2004,8425,1643,0,10068,0,10068,718,492,1210,1210
2641,ecu,Ecuador,2005,10046,2474,250000,262520,0,262520,772,274,1046,1046
2642,ecu,Ecuador,2006,11767,5516,250000,267283,0,267283,878,264,1142,1142
2643,ecu,Ecuador,2007,264868,27395,0,292263,0,292263,1329,278,1607,1607
2644,ecu,Ecuador,2008,101368,33900,0,135268,0,135268,1063,244,1307,1307
2645,ecu,Ecuador,2009,116532,50593,0,167125,0,167125,1029,279,1308,1308
2646,ecu,Ecuador,2010,121222,49874,0,171096,0,171096,859,201,1060,1060
2647,ecu,Ecuador,2011,123407,21534,0,144941,0,144941,912,254,1166,1166
2648,ecu,Ecuador,2012,123793,14553,0,138346,0,138346,848,519,1367,1367
2649,ecu,Ecuador,2013,123177,11564,0,134741,0,134741,711,2340,3051,3051
2650,ecu,Ecuador,2014,122129,11583,0,133712,0,133712,807,6966,7773,7773
2651,ecu,Ecuador,2015,121511,11583,0,133094,0,133094,1006,10415,11421,11421
2652,ecu,Ecuador,2016,102848,24542,0,127390,0,127390,1041,13682,14723,14723
2653,ecu,Ecuador,2017,92405,11895,41000,145300,0,145300,1251,17341,18592,18592
2654,ecu,Ecuador,2018,101550,17044,0,118594,0,118594,1424,17727,19151,19151
2655,ecu,Ecuador,2019,104560,25002,0,129562,0,129562,1644,19340,20984,20984
2656,ecu,Ecuador,2020,104582,26001,0,130583,0,130583,1689,22090,23779,23779
2657,ecu,Ecuador,2021,56603,7137,0,63740,0,63740,1825,27286,29111,29111
2658,ecu,Ecuador,2022,60125,9754,0,69879,0,69879,3205,40358,68898,68898
2659,ecu,Ecuador,2023,62899,7700,0,70599,0,70599,4244,66416,96352,96352
2660,ecu,Ecuador,2024,23218,7023,0,30241,0,30241,5015,105087,130334,130334
2661,egy,Egypt,1964,470,0,0,470,0,470,0,0,0,0
2662,egy,Egypt,1965,5000,0,0,5000,0,5000,0,0,0,0
2663,egy,Egypt,1966,0,0,0,0,0,0,0,0,0,0
2664,egy,Egypt,1967,0,0,0,0,0,0,0,0,0,0
2665,egy,Egypt,1968,0,0,0,0,0,0,0,0,0,0
2666,egy,Egypt,1969,4800,0,0,4800,0,4800,0,0,0,0
2667,egy,Egypt,1970,5000,0,0,5000,0,5000,0,0,0,0
2668,egy,Egypt,1971,5020,0,0,5020,0,5020,0,0,0,0
2669,egy,Egypt,1972,7370,0,0,7370,0,7370,0,0,0,0
2670,egy,Egypt,1973,2600,0,0,2600,0,2600,0,0,0,0
2671,egy,Egypt,1974,4000,0,0,4000,0,4000,0,0,0,0
2672,egy,Egypt,1975,4000,0,0,4000,0,4000,0,0,0,0
2673,egy,Egypt,1976,4000,0,0,4000,0,4000,0,0,0,0
2674,egy,Egypt,1977,4510,0,0,4510,0,4510,0,0,0,0
2675,egy,Egypt,1978,5000,0,0,5000,0,5000,50,0,50,50
2676,egy,Egypt,1979,4850,0,0,4850,0,4850,0,0,0,0
2677,egy,Egypt,1980,1440,0,0,1440,0,1440,0,0,0,0
2678,egy,Egypt,1981,1580,0,0,1580,0,1580,5,0,5,5
2679,egy,Egypt,1982,5500,0,0,5500,0,5500,5,0,5,5
2680,egy,Egypt,1983,35000,0,0,35000,0,35000,6,0,6,6
2681,egy,Egypt,1984,5500,0,0,5500,0,5500,6,0,6,6
2682,egy,Egypt,1985,1090,0,0,1090,0,1090,7,0,7,7
2683,egy,Egypt,1986,1080,0,0,1080,0,1080,8,0,8,8
2684,egy,Egypt,1987,1150,0,0,1150,0,1150,8,0,8,8
2685,egy,Egypt,1988,1620,0,0,1620,0,1620,14,0,14,14
2686,egy,Egypt,1989,1740,0,0,1740,0,1740,13,0,13,13
2687,egy,Egypt,1990,1991,0,0,1991,0,1991,50,0,50,50
2688,egy,Egypt,1991,2245,0,0,2245,0,2245,98,0,98,98
2689,egy,Egypt,1992,5509,0,0,5509,0,5509,210,0,210,210
2690,egy,Egypt,1993,6709,0,0,6709,0,6709,257,0,257,257
2691,egy,Egypt,1994,7218,0,0,7218,0,7218,501,0,501,501
2692,egy,Egypt,1995,5401,0,0,5401,0,5401,870,0,870,870
2693,egy,Egypt,1996,6026,0,0,6026,0,6026,1198,0,1198,1198
2694,egy,Egypt,1997,6486,0,0,6486,0,6486,1720,0,1720,1720
2695,egy,Egypt,1998,6276,0,0,6276,0,6276,2606,0,2606,2606
2696,egy,Egypt,1999,6553,0,0,6553,0,6553,3486,0,3486,3486
2697,egy,Egypt,2000,6840,11164,0,18004,0,18004,3954,1151,5105,5105
2698,egy,Egypt,2001,7223,15644,0,22867,0,22867,4677,1442,6119,6119
2699,egy,Egypt,2002,80488,12085,0,92573,0,92573,6442,1825,8267,8267
2700,egy,Egypt,2003,88745,5390,0,94135,0,94135,5734,2019,7753,7753
2701,egy,Egypt,2004,90335,8741,0,99076,0,99076,5361,2242,7603,7603
2702,egy,Egypt,2005,88934,11003,0,99937,0,99937,6288,2327,8615,8615
2703,egy,Egypt,2006,88014,16355,0,104369,0,104369,7608,1675,9283,9283
2704,egy,Egypt,2007,97550,14865,0,112415,0,112415,6789,1614,8403,8403
2705,egy,Egypt,2008,97851,14653,0,112504,0,112504,6777,1803,8580,8580
2706,egy,Egypt,2009,94392,13425,0,107817,0,107817,6983,1626,8609,8609
2707,egy,Egypt,2010,95044,14283,0,109327,0,109327,6903,1571,8474,8474
2708,egy,Egypt,2011,95078,18915,0,113993,0,113993,7922,2613,10535,10535
2709,egy,Egypt,2012,109923,16938,0,126861,0,126861,10014,4118,14132,14132
2710,egy,Egypt,2013,230070,23150,0,253220,0,253220,12804,9478,22282,22282
2711,egy,Egypt,2014,236085,25603,0,261688,0,261688,15899,10816,26757,26757
2712,egy,Egypt,2015,212492,38135,0,250627,0,250627,17929,12142,30149,30149
2713,egy,Egypt,2016,213515,49844,0,263359,0,263359,19792,13026,32929,32929
2714,egy,Egypt,2017,232647,56557,0,289204,0,289204,22106,14588,36735,36735
2715,egy,Egypt,2018,246746,68168,0,314914,0,314914,24850,16760,41657,41657
2716,egy,Egypt,2019,258391,66309,0,324700,0,324700,27416,16627,44392,44392
2717,egy,Egypt,2020,272826,56446,0,329272,0,329272,26553,16313,42954,42954
2718,egy,Egypt,2021,280686,60392,0,341078,0,341078,27498,21016,48596,48596
2719,egy,Egypt,2022,294632,63881,0,358513,0,358513,24390,27834,52386,52386
2720,egy,Egypt,2023,240507,232244,0,472751,0,472751,23160,46356,69789,69789
2721,egy,Egypt,2024,238014,638948,0,876962,0,876962,23736,55917,79982,79982
2722,slv,El Salvador,1972,100,0,0,100,0,100,0,0,0,0
2723,slv,El Salvador,1973,0,0,0,0,0,0,0,0,0,0
2724,slv,El Salvador,1974,0,0,0,0,0,0,0,0,0,0
2725,slv,El Salvador,1975,0,0,0,0,0,0,0,0,0,0
2726,slv,El Salvador,1976,0,0,0,0,0,0,0,0,0,0
2727,slv,El Salvador,1977,0,0,0,0,0,0,0,0,0,0
2728,slv,El Salvador,1978,0,0,0,0,0,0,0,0,0,0
2729,slv,El Salvador,1979,0,0,0,0,0,0,0,0,0,0
2730,slv,El Salvador,1980,390,0,0,390,0,390,91630,0,91630,91630
2731,slv,El Salvador,1981,0,0,0,0,0,0,304810,0,304810,304810
2732,slv,El Salvador,1982,0,0,0,0,0,0,242400,0,242400,242400
2733,slv,El Salvador,1983,0,0,0,0,0,0,244600,0,244600,244600
2734,slv,El Salvador,1984,0,0,0,0,0,0,243000,0,243000,243000
2735,slv,El Salvador,1985,210,0,0,210,0,210,180605,0,180605,180605
2736,slv,El Salvador,1986,310,0,0,310,0,310,171785,0,171785,171785
2737,slv,El Salvador,1987,300,0,0,300,0,300,167605,0,167605,167605
2738,slv,El Salvador,1988,20350,0,0,20350,0,20350,166393,0,166393,166393
2739,slv,El Salvador,1989,20730,0,0,20730,0,20730,39582,0,39582,39582
2740,slv,El Salvador,1990,20300,0,0,20300,0,20300,30019,0,30019,30019
2741,slv,El Salvador,1991,20099,0,0,20099,0,20099,33048,0,33048,33048
2742,slv,El Salvador,1992,19903,0,0,19903,0,19903,30854,0,30854,30854
2743,slv,El Salvador,1993,161,0,0,161,0,161,26125,0,26125,26125
2744,slv,El Salvador,1994,153,0,0,153,0,153,30736,0,30736,30736
2745,slv,El Salvador,1995,153,0,0,153,0,153,23534,0,23534,23534
2746,slv,El Salvador,1996,148,0,0,148,0,148,19639,0,19639,19639
2747,slv,El Salvador,1997,106,0,0,106,0,106,17124,0,17124,17124
2748,slv,El Salvador,1998,30,0,0,30,0,30,12591,0,12591,12591
2749,slv,El Salvador,1999,21,0,0,21,0,21,12408,0,12408,12408
2750,slv,El Salvador,2000,57,5,0,62,0,62,7753,176478,185150,185150
2751,slv,El Salvador,2001,69,5,0,74,0,74,7147,164987,172134,172134
2752,slv,El Salvador,2002,74,5,0,79,0,79,6630,151584,158214,158214
2753,slv,El Salvador,2003,246,5,0,251,0,251,5658,128655,134313,134313
2754,slv,El Salvador,2004,235,0,0,235,0,235,4497,91767,96264,96264
2755,slv,El Salvador,2005,51,0,0,51,0,51,4283,45203,49486,49486
2756,slv,El Salvador,2006,39,0,0,39,0,39,6390,28779,35169,35169
2757,slv,El Salvador,2007,39,5,0,44,0,44,6026,18609,24635,24635
2758,slv,El Salvador,2008,34,0,0,34,0,34,5154,11152,16306,16306
2759,slv,El Salvador,2009,32,54,0,86,0,86,5053,9744,14797,14797
2760,slv,El Salvador,2010,39,18,0,57,0,57,4978,1543,6521,6521
2761,slv,El Salvador,2011,39,5,0,44,0,44,6725,1633,8358,8358
2762,slv,El Salvador,2012,43,0,0,43,0,43,8173,1646,9819,9819
2763,slv,El Salvador,2013,42,5,0,47,0,47,9634,11260,20894,20894
2764,slv,El Salvador,2014,33,0,0,33,0,33,10968,18035,29003,29003
2765,slv,El Salvador,2015,46,0,10100,10146,0,10146,14778,31450,56328,56328
2766,slv,El Salvador,2016,41,0,9800,9841,0,9841,19617,62163,91580,91580
2767,slv,El Salvador,2017,40,5,4200,4245,71500,75745,25876,104901,134977,206477
2768,slv,El Salvador,2018,44,16,4700,4760,71501,76261,32562,119271,179118,250619
2769,slv,El Salvador,2019,48,29,6800,6877,71500,78377,41816,136277,211285,282785
2770,slv,El Salvador,2020,48,53,1700,1801,71500,73301,45640,149542,215408,286908
2771,slv,El Salvador,2021,98,66,2634,2798,71500,74298,52041,153246,260870,332370
2772,slv,El Salvador,2022,104,54,6205,6363,71500,77863,58621,148758,260883,332383
2773,slv,El Salvador,2023,106,263,118591,118960,71500,190460,68633,133042,333964,405464
2774,slv,El Salvador,2024,120,272,114393,114785,71500,186285,71765,136774,329914,401414
2775,gnq,Equatorial Guinea,1968,40000,0,0,40000,0,40000,0,0,0,0
2776,gnq,Equatorial Guinea,1969,0,0,0,0,0,0,0,0,0,0
2777,gnq,Equatorial Guinea,1970,0,0,0,0,0,0,0,0,0,0
2778,gnq,Equatorial Guinea,1971,0,0,0,0,0,0,0,0,0,0
2779,gnq,Equatorial Guinea,1972,0,0,0,0,0,0,0,0,0,0
2780,gnq,Equatorial Guinea,1973,0,0,0,0,0,0,0,0,0,0
2781,gnq,Equatorial Guinea,1974,0,0,0,0,0,0,1000,0,1000,1000
2782,gnq,Equatorial Guinea,1975,0,0,0,0,0,0,90000,0,90000,90000
2783,gnq,Equatorial Guinea,1976,0,0,0,0,0,0,90000,0,90000,90000
2784,gnq,Equatorial Guinea,1977,0,0,0,0,0,0,120000,0,120000,120000
2785,gnq,Equatorial Guinea,1978,0,0,0,0,0,0,90000,0,90000,90000
2786,gnq,Equatorial Guinea,1979,0,0,0,0,0,0,40000,0,40000,40000
2787,gnq,Equatorial Guinea,1980,0,0,0,0,0,0,38000,0,38000,38000
2788,gnq,Equatorial Guinea,1981,0,0,0,0,0,0,18000,0,18000,18000
2789,gnq,Equatorial Guinea,1982,0,0,0,0,0,0,18000,0,18000,18000
2790,gnq,Equatorial Guinea,1983,0,0,0,0,0,0,0,0,0,0
2791,gnq,Equatorial Guinea,1984,0,0,0,0,0,0,0,0,0,0
2792,gnq,Equatorial Guinea,1985,0,0,0,0,0,0,0,0,0,0
2793,gnq,Equatorial Guinea,1986,0,0,0,0,0,0,0,0,0,0
2794,gnq,Equatorial Guinea,1987,0,0,0,0,0,0,0,0,0,0
2795,gnq,Equatorial Guinea,1988,0,0,0,0,0,0,0,0,0,0
2796,gnq,Equatorial Guinea,1989,0,0,0,0,0,0,0,0,0,0
2797,gnq,Equatorial Guinea,1990,0,0,0,0,0,0,0,0,0,0
2798,gnq,Equatorial Guinea,1991,0,0,0,0,0,0,60,0,60,60
2799,gnq,Equatorial Guinea,1992,0,0,0,0,0,0,115,0,115,115
2800,gnq,Equatorial Guinea,1993,0,0,0,0,0,0,214,0,214,214
2801,gnq,Equatorial Guinea,1994,0,0,0,0,0,0,340,0,340,340
2802,gnq,Equatorial Guinea,1995,0,0,0,0,0,0,342,0,342,342
2803,gnq,Equatorial Guinea,1996,0,0,0,0,0,0,398,0,398,398
2804,gnq,Equatorial Guinea,1997,0,0,0,0,0,0,474,0,474,474
2805,gnq,Equatorial Guinea,1998,0,0,0,0,0,0,419,0,419,419
2806,gnq,Equatorial Guinea,1999,0,0,0,0,0,0,422,0,422,422
2807,gnq,Equatorial Guinea,2000,0,0,0,0,0,0,504,41,545,545
2808,gnq,Equatorial Guinea,2001,0,0,0,0,0,0,526,35,561,561
2809,gnq,Equatorial Guinea,2002,0,0,0,0,0,0,549,61,610,610
2810,gnq,Equatorial Guinea,2003,0,0,0,0,0,0,584,52,636,636
2811,gnq,Equatorial Guinea,2004,0,0,0,0,0,0,540,50,590,590
2812,gnq,Equatorial Guinea,2005,0,0,0,0,0,0,478,50,528,528
2813,gnq,Equatorial Guinea,2006,0,0,0,0,0,0,460,27,487,487
2814,gnq,Equatorial Guinea,2007,0,0,0,0,0,0,402,29,431,431
2815,gnq,Equatorial Guinea,2008,0,0,0,0,0,0,381,48,429,429
2816,gnq,Equatorial Guinea,2009,0,0,0,0,0,0,341,32,373,373
2817,gnq,Equatorial Guinea,2010,0,0,0,0,0,0,306,72,378,378
2818,gnq,Equatorial Guinea,2011,0,0,0,0,0,0,261,37,298,298
2819,gnq,Equatorial Guinea,2012,0,0,0,0,0,0,230,78,308,308
2820,gnq,Equatorial Guinea,2013,0,0,0,0,0,0,196,60,256,256
2821,gnq,Equatorial Guinea,2014,0,0,0,0,0,0,168,81,249,249
2822,gnq,Equatorial Guinea,2015,0,0,0,0,0,0,142,85,227,227
2823,gnq,Equatorial Guinea,2016,0,0,0,0,0,0,131,100,231,231
2824,gnq,Equatorial Guinea,2017,0,0,0,0,0,0,127,110,237,237
2825,gnq,Equatorial Guinea,2018,0,0,0,0,0,0,140,176,316,316
2826,gnq,Equatorial Guinea,2019,0,0,0,0,0,0,156,166,322,322
2827,gnq,Equatorial Guinea,2020,0,0,0,0,0,0,145,193,338,338
2828,gnq,Equatorial Guinea,2021,0,0,0,0,0,0,168,235,403,403
2829,gnq,Equatorial Guinea,2022,0,0,0,0,0,0,361,243,604,604
2830,gnq,Equatorial Guinea,2023,0,0,0,0,0,0,389,457,846,846
2831,gnq,Equatorial Guinea,2024,5,0,0,5,0,5,426,688,1114,1114
2832,eri,Eritrea,1979,0,0,0,0,0,0,400,0,400,400
2833,eri,Eritrea,1980,0,0,0,0,0,0,542,0,542,542
2834,eri,Eritrea,1981,0,0,0,0,0,0,1542,0,1542,1542
2835,eri,Eritrea,1982,0,0,0,0,0,0,1585,0,1585,1585
2836,eri,Eritrea,1983,0,0,0,0,0,0,1385,0,1385,1385
2837,eri,Eritrea,1984,0,0,0,0,0,0,1385,0,1385,1385
2838,eri,Eritrea,1985,0,0,0,0,0,0,1385,0,1385,1385
2839,eri,Eritrea,1986,0,0,0,0,0,0,177,0,177,177
2840,eri,Eritrea,1987,0,0,0,0,0,0,167,0,167,167
2841,eri,Eritrea,1988,0,0,0,0,0,0,133,0,133,133
2842,eri,Eritrea,1989,0,0,0,0,0,0,43,0,43,43
2843,eri,Eritrea,1990,0,0,0,0,0,0,43,0,43,43
2844,eri,Eritrea,1991,0,0,0,0,0,0,500633,0,500633,500633
2845,eri,Eritrea,1992,0,0,0,0,0,0,503200,0,503200,503200
2846,eri,Eritrea,1993,5,0,0,5,0,5,427208,0,427208,427208
2847,eri,Eritrea,1994,704,0,0,704,0,704,422432,0,422432,422432
2848,eri,Eritrea,1995,1081,0,0,1081,0,1081,286711,0,286711,286711
2849,eri,Eritrea,1996,2105,0,0,2105,0,2105,332222,0,332222,332222
2850,eri,Eritrea,1997,2606,0,0,2606,0,2606,319076,0,321576,321576
2851,eri,Eritrea,1998,2501,0,0,2501,0,2501,346779,0,346779,346779
2852,eri,Eritrea,1999,2972,0,0,2972,0,2972,347134,0,347134,347134
2853,eri,Eritrea,2000,1984,0,0,1984,1100000,1101984,376847,2559,379406,1479406
2854,eri,Eritrea,2001,2272,0,1420,3692,0,3692,333222,2849,336071,336071
2855,eri,Eritrea,2002,3619,5,100,3724,0,3724,318167,25826,343993,343993
2856,eri,Eritrea,2003,3890,200,0,4090,0,4090,124111,2828,148963,148963
2857,eri,Eritrea,2004,4242,449,0,4691,0,4691,131108,2811,171335,171335
2858,eri,Eritrea,2005,4418,1589,31,6038,0,6038,144062,4016,184188,184188
2859,eri,Eritrea,2006,4621,2001,32,6654,0,6654,193738,5023,198793,198793
2860,eri,Eritrea,2007,5042,2016,0,7058,0,7058,208747,12177,220924,220924
2861,eri,Eritrea,2008,4862,128,0,4990,0,4990,186392,14603,201645,201645
2862,eri,Eritrea,2009,4751,135,0,4886,0,4886,209164,14379,223543,223543
2863,eri,Eritrea,2010,4809,135,0,4944,0,4944,222457,13569,236026,236026
2864,eri,Eritrea,2011,4719,7,0,4726,0,4726,251941,14598,266539,266539
2865,eri,Eritrea,2012,3600,17,64,3681,0,3681,285356,20544,305964,305964
2866,eri,Eritrea,2013,3166,5,64,3235,0,3235,308210,28924,337203,337203
2867,eri,Eritrea,2014,2898,0,21,2919,0,2919,363081,53650,416847,416847
2868,eri,Eritrea,2015,2549,0,6,2555,0,2555,407428,62088,469751,469751
2869,eri,Eritrea,2016,2342,8,16,2366,0,2366,457247,67694,525014,525014
2870,eri,Eritrea,2017,2392,0,19,2411,0,2411,486209,78308,564662,564662
2871,eri,Eritrea,2018,2252,0,21,2273,0,2273,507260,78584,585930,585930
2872,eri,Eritrea,2019,199,0,17,216,0,216,504300,72164,576598,576598
2873,eri,Eritrea,2020,201,0,17,218,0,218,524738,72942,607383,607383
2874,eri,Eritrea,2021,121,0,17,138,0,138,511911,77188,599637,599637
2875,eri,Eritrea,2022,119,0,17,136,0,136,512674,79010,601083,601083
2876,eri,Eritrea,2023,119,0,18,137,0,137,559853,104892,673215,673215
2877,eri,Eritrea,2024,119,0,18,137,0,137,551296,111762,669412,669412
2878,est,Estonia,1992,0,0,0,0,0,0,59,0,59,59
2879,est,Estonia,1993,0,0,0,0,0,0,95,0,95,95
2880,est,Estonia,1994,0,0,0,0,0,0,296,0,296,296
2881,est,Estonia,1995,0,0,0,0,0,0,350,0,350,350
2882,est,Estonia,1996,0,0,0,0,0,0,1309,0,1309,1309
2883,est,Estonia,1997,0,0,0,0,0,0,1265,0,1265,1265
2884,est,Estonia,1998,0,0,0,0,0,0,792,0,1329,1329
2885,est,Estonia,1999,0,0,0,0,0,0,634,0,634,634
2886,est,Estonia,2000,0,10,0,10,0,10,460,74,534,534
2887,est,Estonia,2001,6,20,0,26,0,26,483,98,581,581
2888,est,Estonia,2002,6,5,0,11,0,11,1058,157,1215,1215
2889,est,Estonia,2003,6,0,0,6,0,6,1021,177,1198,1198
2890,est,Estonia,2004,6,10,0,16,0,16,849,143,992,992
2891,est,Estonia,2005,0,0,0,0,0,0,738,132,870,870
2892,est,Estonia,2006,0,5,0,5,0,5,622,123,745,745
2893,est,Estonia,2007,6,5,0,11,0,11,258,55,313,313
2894,est,Estonia,2008,16,5,0,21,0,21,248,33,281,281
2895,est,Estonia,2009,16,19,0,35,0,35,249,34,283,283
2896,est,Estonia,2010,31,5,0,36,0,36,242,15,257,257
2897,est,Estonia,2011,34,5,0,39,0,39,225,34,259,259
2898,est,Estonia,2012,48,0,0,48,0,48,455,28,483,483
2899,est,Estonia,2013,52,15,0,67,0,67,349,22,371,371
2900,est,Estonia,2014,82,84,0,166,0,166,340,31,371,371
2901,est,Estonia,2015,158,73,0,231,0,231,315,39,354,354
2902,est,Estonia,2016,312,43,0,355,0,355,303,42,345,345
2903,est,Estonia,2017,405,36,0,441,0,441,288,42,330,330
2904,est,Estonia,2018,319,30,0,349,0,349,281,37,318,318
2905,est,Estonia,2019,331,33,0,364,0,364,274,55,329,329
2906,est,Estonia,2020,277,5,0,282,0,282,277,43,320,320
2907,est,Estonia,2021,321,15,0,336,0,336,271,48,319,319
2908,est,Estonia,2022,40806,631,0,41437,0,41437,45,61,106,106
2909,est,Estonia,2023,42005,346,0,42351,0,42351,60,58,118,118
2910,est,Estonia,2024,42267,172,0,42439,0,42439,126,62,188,188
2911,eth,Ethiopia,1967,0,0,0,0,0,0,28600,0,28600,28600
2912,eth,Ethiopia,1968,20000,0,0,20000,0,20000,31000,0,31000,31000
2913,eth,Ethiopia,1969,20000,0,0,20000,0,20000,31000,0,31000,31000
2914,eth,Ethiopia,1970,21000,0,0,21000,0,21000,54350,0,54350,54350
2915,eth,Ethiopia,1971,22730,0,0,22730,0,22730,55200,0,55200,55200
2916,eth,Ethiopia,1972,16200,0,0,16200,0,16200,44640,0,44640,44640
2917,eth,Ethiopia,1973,5400,0,0,5400,0,5400,46300,0,46300,46300
2918,eth,Ethiopia,1974,5910,0,0,5910,0,5910,49200,0,49200,49200
2919,eth,Ethiopia,1975,11150,0,0,11150,0,11150,91410,0,91410,91410
2920,eth,Ethiopia,1976,10690,0,0,10690,0,10690,105700,0,105700,105700
2921,eth,Ethiopia,1977,10940,0,0,10940,0,10940,655350,0,655350,655350
2922,eth,Ethiopia,1978,10930,0,0,10930,0,10930,887670,0,887670,887670
2923,eth,Ethiopia,1979,10930,0,0,10930,0,10930,1623870,0,1623870,1623870
2924,eth,Ethiopia,1980,10930,0,0,10930,0,10930,2567998,0,2567998,2567998
2925,eth,Ethiopia,1981,5450,0,0,5450,0,5450,1363266,0,1363266,1363266
2926,eth,Ethiopia,1982,5550,0,0,5550,0,5550,1334915,0,1334915,1334915
2927,eth,Ethiopia,1983,31370,0,0,31370,0,31370,1351917,0,1351917,1351917
2928,eth,Ethiopia,1984,180480,0,0,180480,0,180480,1546134,0,1546134,1546134
2929,eth,Ethiopia,1985,180400,0,0,180400,0,180400,1749309,0,1749309,1749309
2930,eth,Ethiopia,1986,132400,0,0,132400,0,132400,1534548,0,1534548,1534548
2931,eth,Ethiopia,1987,310500,0,0,310500,0,310500,1487663,0,1487663,1487663
2932,eth,Ethiopia,1988,679532,0,0,679532,0,679532,1513307,0,1513307,1513307
2933,eth,Ethiopia,1989,710166,0,0,710166,0,710166,1474919,0,1474919,1474919
2934,eth,Ethiopia,1990,773764,0,0,773764,0,773764,1345928,0,1345928,1345928
2935,eth,Ethiopia,1991,529620,0,0,529620,0,529620,251243,0,251243,251243
2936,eth,Ethiopia,1992,431824,0,0,431824,0,431824,313131,0,313131,313131
2937,eth,Ethiopia,1993,272632,0,0,272632,0,272632,251828,0,251828,251828
2938,eth,Ethiopia,1994,348074,0,0,348074,0,348074,226429,0,226429,226429
2939,eth,Ethiopia,1995,393479,0,0,393479,0,393479,100986,0,100986,100986
2940,eth,Ethiopia,1996,390528,0,0,390528,0,390528,96264,0,96264,96264
2941,eth,Ethiopia,1997,323064,0,0,323064,0,323064,84386,0,84386,84386
2942,eth,Ethiopia,1998,262158,0,0,262158,0,262158,70663,0,72056,72056
2943,eth,Ethiopia,1999,257683,0,0,257683,0,257683,71040,0,71040,71040
2944,eth,Ethiopia,2000,197960,33,0,197993,0,197993,66396,14551,81191,81191
2945,eth,Ethiopia,2001,152554,0,0,152554,0,152554,58980,12305,72705,72705
2946,eth,Ethiopia,2002,132939,12,0,132951,0,132951,61235,8956,70291,70291
2947,eth,Ethiopia,2003,130274,5,0,130279,0,130279,62674,10805,73479,73479
2948,eth,Ethiopia,2004,115979,42,0,116021,0,116021,63153,13098,76251,76251
2949,eth,Ethiopia,2005,100813,208,0,101021,0,101021,65447,16216,81668,81668
2950,eth,Ethiopia,2006,96975,312,0,97287,0,97287,74007,16670,90677,90677
2951,eth,Ethiopia,2007,85179,178,0,85357,0,85357,59845,29469,89314,89314
2952,eth,Ethiopia,2008,83573,1656,0,85229,0,85229,63863,31506,95369,95369
2953,eth,Ethiopia,2009,121880,2441,0,124321,0,124321,62877,48733,111610,111610
2954,eth,Ethiopia,2010,154288,1014,0,155302,0,155302,68838,48883,117728,117728
2955,eth,Ethiopia,2011,288839,1340,0,290179,0,290179,70601,38827,109428,109428
2956,eth,Ethiopia,2012,376388,837,1490,378715,0,378715,74964,41902,121626,121626
2957,eth,Ethiopia,2013,433933,930,1004,435867,0,435867,77109,49315,129665,129665
2958,eth,Ethiopia,2014,659520,4120,1124,664764,0,664764,86857,61368,148632,148632
2959,eth,Ethiopia,2015,736081,2126,934,739141,0,739141,85839,76680,162740,162740
2960,eth,Ethiopia,2016,791631,1948,535,794114,0,794114,83958,78854,163502,163502
2961,eth,Ethiopia,2017,889412,2593,528,892533,1078429,1970962,87448,133659,225365,1303794
2962,eth,Ethiopia,2018,903226,2136,452,905814,2615800,3521614,92232,133254,229714,2845514
2963,eth,Ethiopia,2019,733123,1677,392,735192,1733628,2468820,93467,135267,232615,1966243
2964,eth,Ethiopia,2020,800454,1901,454,802809,2733628,3536437,151426,125072,280423,3014051
2965,eth,Ethiopia,2021,821283,2251,419,823953,3646267,4470220,149130,139211,292259,3938526
2966,eth,Ethiopia,2022,879598,2214,462,882274,2730000,3612274,149603,121362,275867,3005867
2967,eth,Ethiopia,2023,979846,63747,604,1044197,2561497,3605694,158344,139424,302559,2864056
2968,eth,Ethiopia,2024,1008826,63055,645,1072526,2272533,3345059,164423,158142,326624,2599157
2969,fji,Fiji,1992,0,0,0,0,0,0,19,0,19,19
2970,fji,Fiji,1993,0,0,0,0,0,0,89,0,89,89
2971,fji,Fiji,1994,0,0,0,0,0,0,156,0,156,156
2972,fji,Fiji,1995,9,0,0,9,0,9,222,0,222,222
2973,fji,Fiji,1996,7,0,0,7,0,7,305,0,305,305
2974,fji,Fiji,1997,0,0,0,0,0,0,326,0,326,326
2975,fji,Fiji,1998,0,0,0,0,0,0,301,0,301,301
2976,fji,Fiji,1999,0,0,0,0,0,0,328,0,328,328
2977,fji,Fiji,2000,0,0,0,0,0,0,401,1661,2062,2062
2978,fji,Fiji,2001,0,0,0,0,0,0,731,1918,2649,2649
2979,fji,Fiji,2002,0,0,0,0,0,0,1071,1502,2573,2573
2980,fji,Fiji,2003,0,0,0,0,0,0,1088,1018,2106,2106
2981,fji,Fiji,2004,0,0,0,0,0,0,1280,520,1800,1800
2982,fji,Fiji,2005,0,0,0,0,0,0,1376,370,1746,1746
2983,fji,Fiji,2006,0,0,0,0,0,0,1681,253,1934,1934
2984,fji,Fiji,2007,0,0,0,0,0,0,1824,193,2017,2017
2985,fji,Fiji,2008,0,5,0,5,0,5,1862,200,2062,2062
2986,fji,Fiji,2009,0,5,0,5,0,5,1888,360,2248,2248
2987,fji,Fiji,2010,0,5,0,5,0,5,1849,298,2147,2147
2988,fji,Fiji,2011,5,0,0,5,0,5,1576,256,1832,1832
2989,fji,Fiji,2012,0,7,0,7,0,7,1314,269,1583,1583
2990,fji,Fiji,2013,0,7,0,7,0,7,1109,463,1572,1572
2991,fji,Fiji,2014,7,11,0,18,0,18,927,769,1696,1696
2992,fji,Fiji,2015,7,6,0,13,0,13,887,429,1316,1316
2993,fji,Fiji,2016,7,0,0,7,0,7,791,510,1301,1301
2994,fji,Fiji,2017,7,10,0,17,0,17,734,678,1412,1412
2995,fji,Fiji,2018,0,17,0,17,0,17,675,1297,1972,1972
2996,fji,Fiji,2019,12,10,0,22,0,22,591,2343,2934,2934
2997,fji,Fiji,2020,14,5,0,19,0,19,516,2683,3199,3199
2998,fji,Fiji,2021,18,0,0,18,0,18,414,2997,3411,3411
2999,fji,Fiji,2022,5,13,0,18,0,18,336,3317,3653,3653
3000,fji,Fiji,2023,15,0,0,15,0,15,207,3017,3224,3224
3001,fji,Fiji,2024,15,10,0,25,0,25,248,3168,3416,3416
3002,fin,Finland,1984,500,0,0,500,0,500,0,0,0,0
3003,fin,Finland,1985,500,0,0,500,0,500,0,0,0,0
3004,fin,Finland,1986,500,0,0,500,0,500,0,0,0,0
3005,fin,Finland,1987,800,0,0,800,0,800,0,0,0,0
3006,fin,Finland,1988,1065,0,0,1065,0,1065,0,0,0,0
3007,fin,Finland,1989,2000,0,0,2000,0,2000,0,0,0,0
3008,fin,Finland,1990,2348,0,0,2348,0,2348,0,0,0,0
3009,fin,Finland,1991,4561,0,0,4561,0,4561,0,0,0,0
3010,fin,Finland,1992,5950,0,0,5950,0,5950,0,0,0,0
3011,fin,Finland,1993,8511,0,0,8511,0,8511,0,0,0,0
3012,fin,Finland,1994,9511,0,0,9511,0,9511,0,0,0,0
3013,fin,Finland,1995,10191,0,0,10191,0,10191,0,0,0,0
3014,fin,Finland,1996,11382,0,0,11382,0,11382,0,0,0,0
3015,fin,Finland,1997,12017,0,0,12017,0,12017,0,0,0,0
3016,fin,Finland,1998,12288,0,0,12288,0,12288,5,0,5,5
3017,fin,Finland,1999,12866,0,0,12866,0,12866,5,0,5,5
3018,fin,Finland,2000,13271,1300,0,14571,0,14571,5,5,10,10
3019,fin,Finland,2001,12726,0,0,12726,0,12726,0,5,5,5
3020,fin,Finland,2002,12485,0,0,12485,0,12485,8,5,13,13
3021,fin,Finland,2003,10835,0,0,10835,0,10835,6,5,11,11
3022,fin,Finland,2004,11309,0,0,11309,0,11309,0,5,5,5
3023,fin,Finland,2005,11801,0,0,11801,0,11801,5,5,10,10
3024,fin,Finland,2006,11827,1112,0,12939,0,12939,10,0,10,10
3025,fin,Finland,2007,6201,712,0,6913,0,6913,5,0,5,5
3026,fin,Finland,2008,6621,2736,0,9357,0,9357,0,0,0,0
3027,fin,Finland,2009,7448,3763,0,11211,0,11211,6,0,6,6
3028,fin,Finland,2010,8721,2075,0,10796,0,10796,6,0,6,6
3029,fin,Finland,2011,9170,2262,0,11432,0,11432,6,5,11,11
3030,fin,Finland,2012,9910,1867,0,11777,0,11777,5,6,11,11
3031,fin,Finland,2013,11242,1504,0,12746,0,12746,5,5,10,10
3032,fin,Finland,2014,11783,1734,0,13517,0,13517,5,0,5,5
3033,fin,Finland,2015,12692,24340,0,37032,0,37032,10,0,10,10
3034,fin,Finland,2016,18402,5559,0,23961,0,23961,5,5,10,10
3035,fin,Finland,2017,20793,3101,0,23894,0,23894,5,10,15,15
3036,fin,Finland,2018,22287,3264,0,25551,0,25551,5,5,10,10
3037,fin,Finland,2019,23458,8308,0,31766,0,31766,0,10,10,10
3038,fin,Finland,2020,23428,6316,0,29744,0,29744,0,0,0,0
3039,fin,Finland,2021,24078,2408,0,26486,0,26486,5,0,5,5
3040,fin,Finland,2022,69553,6046,0,75599,0,75599,0,15,15,15
3041,fin,Finland,2023,89869,7410,0,97279,0,97279,0,46,46,46
3042,fin,Finland,2024,93182,4386,0,97568,0,97568,5,43,48,48
3043,fra,France,1951,290000,0,0,290000,0,290000,0,0,0,0
3044,fra,France,1952,280000,0,0,280000,0,280000,0,0,0,0
3045,fra,France,1953,270000,0,0,270000,0,270000,0,0,0,0
3046,fra,France,1954,263000,0,0,263000,0,263000,0,0,0,0
3047,fra,France,1955,345415,0,0,345415,0,345415,0,0,0,0
3048,fra,France,1956,363290,0,0,363290,0,363290,0,0,0,0
3049,fra,France,1957,389480,0,0,389480,0,389480,0,0,0,0
3050,fra,France,1958,381152,0,0,381152,0,381152,0,0,0,0
3051,fra,France,1959,387201,0,0,387201,0,387201,0,0,0,0
3052,fra,France,1960,245935,0,0,245935,0,245935,0,0,0,0
3053,fra,France,1961,253375,0,0,253375,0,253375,0,0,0,0
3054,fra,France,1962,259740,0,0,259740,0,259740,0,0,0,0
3055,fra,France,1963,174057,0,0,174057,0,174057,0,0,0,0
3056,fra,France,1964,175861,0,0,175861,0,175861,0,0,0,0
3057,fra,France,1965,177665,0,0,177665,0,177665,0,0,0,0
3058,fra,France,1966,179468,0,0,179468,0,179468,0,0,0,0
3059,fra,France,1967,177200,0,0,177200,0,177200,0,0,0,0
3060,fra,France,1968,176736,0,0,176736,0,176736,0,0,0,0
3061,fra,France,1969,175242,0,0,175242,0,175242,0,0,0,0
3062,fra,France,1970,158543,0,0,158543,0,158543,0,0,0,0
3063,fra,France,1971,141844,0,0,141844,0,141844,0,0,0,0
3064,fra,France,1972,98900,0,0,98900,0,98900,0,0,0,0
3065,fra,France,1973,101830,0,0,101830,0,101830,0,0,0,0
3066,fra,France,1974,105538,0,0,105538,0,105538,0,0,0,0
3067,fra,France,1975,109882,0,0,109882,0,109882,0,0,0,0
3068,fra,France,1976,114634,0,0,114634,0,114634,0,0,0,0
3069,fra,France,1977,119413,0,0,119413,0,119413,0,0,0,0
3070,fra,France,1978,126229,0,0,126229,0,126229,0,0,0,0
3071,fra,France,1979,119489,0,0,119489,0,119489,0,0,0,0
3072,fra,France,1980,121958,0,0,121958,0,121958,0,0,0,0
3073,fra,France,1981,125597,0,0,125597,0,125597,0,0,0,0
3074,fra,France,1982,152223,0,0,152223,0,152223,0,0,0,0
3075,fra,France,1983,164113,0,0,164113,0,164113,0,0,0,0
3076,fra,France,1984,169863,0,0,169863,0,169863,0,0,0,0
3077,fra,France,1985,174213,0,0,174213,0,174213,0,0,0,0
3078,fra,France,1986,180258,0,0,180258,0,180258,0,0,0,0
3079,fra,France,1987,179306,0,0,179306,0,179306,0,0,0,0
3080,fra,France,1988,183946,0,0,183946,0,183946,0,0,0,0
3081,fra,France,1989,180258,0,0,180258,0,180258,0,0,0,0
3082,fra,France,1990,193000,0,0,193000,0,193000,0,0,0,0
3083,fra,France,1991,174756,0,0,174756,0,174756,0,0,0,0
3084,fra,France,1992,156512,0,0,156512,0,156512,0,0,0,0
3085,fra,France,1993,166269,0,0,166269,0,166269,0,0,0,0
3086,fra,France,1994,195288,0,0,195288,0,195288,20,0,20,20
3087,fra,France,1995,155240,0,0,155240,0,155240,14,0,14,14
3088,fra,France,1996,151331,0,0,151331,0,151331,46,0,46,46
3089,fra,France,1997,146558,0,0,146558,0,146558,60,0,60,60
3090,fra,France,1998,140213,0,0,140213,0,140213,62,0,62,62
3091,fra,France,1999,129722,0,0,129722,0,129722,60,0,60,60
3092,fra,France,2000,132508,0,0,132508,0,132508,74,45,119,119
3093,fra,France,2001,131601,34551,0,166152,0,166152,41,59,100,100
3094,fra,France,2002,132182,34588,0,166770,0,166770,92,73,165,165
3095,fra,France,2003,130838,22900,0,153738,0,153738,110,66,176,176
3096,fra,France,2004,139852,59346,0,199198,0,199198,112,55,167,167
3097,fra,France,2005,137316,41279,0,178595,0,178595,286,54,340,340
3098,fra,France,2006,145996,37009,0,183005,0,183005,79,35,114,114
3099,fra,France,2007,151789,32275,0,184064,0,184064,99,48,147,147
3100,fra,France,2008,171206,31496,0,202702,0,202702,97,55,152,152
3101,fra,France,2009,196364,40517,0,236881,0,236881,80,69,149,149
3102,fra,France,2010,200687,48576,0,249263,0,249263,90,33,123,123
3103,fra,France,2011,210207,49240,0,259447,0,259447,92,51,143,143
3104,fra,France,2012,217865,49885,0,267750,0,267750,94,38,132,132
3105,fra,France,2013,232487,51691,0,284178,0,284178,92,42,134,134
3106,fra,France,2014,252248,55826,0,308074,0,308074,84,40,124,124
3107,fra,France,2015,273117,63043,0,336160,0,336160,90,77,167,167
3108,fra,France,2016,304527,62764,0,367291,0,367291,50,116,166,166
3109,fra,France,2017,337158,63115,0,400273,0,400273,54,140,194,194
3110,fra,France,2018,368345,89055,0,457400,0,457400,59,219,278,278
3111,fra,France,2019,407915,102140,1521,511576,0,511576,50,268,318,318
3112,fra,France,2020,436055,118137,1606,555798,0,555798,49,175,224,224
3113,fra,France,2021,499914,75708,1716,577338,0,577338,38,280,318,318
3114,fra,France,2022,612934,75047,1716,689697,0,689697,65,405,470,470
3115,fra,France,2023,664366,79642,1716,745724,0,745724,50,475,525,525
3116,fra,France,2024,721771,88554,0,810325,0,810325,139,608,747,747
3117,gab,Gabon,1969,4500,0,0,4500,0,4500,0,0,0,0
3118,gab,Gabon,1970,0,0,0,0,0,0,0,0,0,0
3119,gab,Gabon,1971,0,0,0,0,0,0,0,0,0,0
3120,gab,Gabon,1972,0,0,0,0,0,0,0,0,0,0
3121,gab,Gabon,1973,0,0,0,0,0,0,0,0,0,0
3122,gab,Gabon,1974,0,0,0,0,0,0,0,0,0,0
3123,gab,Gabon,1975,60000,0,0,60000,0,60000,0,0,0,0
3124,gab,Gabon,1976,60000,0,0,60000,0,60000,0,0,0,0
3125,gab,Gabon,1977,90000,0,0,90000,0,90000,0,0,0,0
3126,gab,Gabon,1978,60200,0,0,60200,0,60200,0,0,0,0
3127,gab,Gabon,1979,30200,0,0,30200,0,30200,0,0,0,0
3128,gab,Gabon,1980,20000,0,0,20000,0,20000,0,0,0,0
3129,gab,Gabon,1981,400,0,0,400,0,400,0,0,0,0
3130,gab,Gabon,1982,640,0,0,640,0,640,0,0,0,0
3131,gab,Gabon,1983,0,0,0,0,0,0,0,0,0,0
3132,gab,Gabon,1984,0,0,0,0,0,0,0,0,0,0
3133,gab,Gabon,1985,0,0,0,0,0,0,0,0,0,0
3134,gab,Gabon,1986,100,0,0,100,0,100,0,0,0,0
3135,gab,Gabon,1987,0,0,0,0,0,0,0,0,0,0
3136,gab,Gabon,1988,0,0,0,0,0,0,0,0,0,0
3137,gab,Gabon,1989,0,0,0,0,0,0,0,0,0,0
3138,gab,Gabon,1990,417,0,0,417,0,417,0,0,0,0
3139,gab,Gabon,1991,220,0,0,220,0,220,0,0,0,0
3140,gab,Gabon,1992,272,0,0,272,0,272,17,0,17,17
3141,gab,Gabon,1993,0,0,0,0,0,0,17,0,17,17
3142,gab,Gabon,1994,597,0,0,597,0,597,22,0,22,22
3143,gab,Gabon,1995,790,0,0,790,0,790,27,0,27,27
3144,gab,Gabon,1996,797,0,0,797,0,797,22,0,22,22
3145,gab,Gabon,1997,864,0,0,864,0,864,17,0,17,17
3146,gab,Gabon,1998,1127,0,0,1127,0,1127,27,0,27,27
3147,gab,Gabon,1999,15069,0,0,15069,0,15069,27,0,27,27
3148,gab,Gabon,2000,17978,3037,0,21015,0,21015,27,13,40,40
3149,gab,Gabon,2001,15576,3629,0,19205,0,19205,24,45,69,69
3150,gab,Gabon,2002,13468,5664,0,19132,0,19132,34,52,86,86
3151,gab,Gabon,2003,13999,5122,0,19121,0,19121,37,34,71,71
3152,gab,Gabon,2004,13780,4837,0,18617,0,18617,50,26,76,76
3153,gab,Gabon,2005,8541,4844,0,13385,0,13385,78,55,133,133
3154,gab,Gabon,2006,8421,4127,0,12548,0,12548,96,40,136,136
3155,gab,Gabon,2007,8822,4258,0,13080,0,13080,116,21,137,137
3156,gab,Gabon,2008,8998,4296,0,13294,0,13294,132,23,155,155
3157,gab,Gabon,2009,8843,4277,0,13120,0,13120,145,33,178,178
3158,gab,Gabon,2010,9014,4121,0,13135,0,13135,167,37,204,204
3159,gab,Gabon,2011,1769,2357,8651,12777,0,12777,180,35,215,215
3160,gab,Gabon,2012,1661,2368,320,4349,0,4349,189,56,245,245
3161,gab,Gabon,2013,1592,2428,0,4020,0,4020,180,104,284,284
3162,gab,Gabon,2014,1007,1884,0,2891,0,2891,179,116,295,295
3163,gab,Gabon,2015,934,1942,0,2876,0,2876,174,224,398,398
3164,gab,Gabon,2016,926,1911,0,2837,0,2837,167,431,598,598
3165,gab,Gabon,2017,845,5,0,850,0,850,216,696,912,912
3166,gab,Gabon,2018,686,82,0,768,0,768,342,739,1081,1081
3167,gab,Gabon,2019,454,76,0,530,0,530,440,893,1333,1333
3168,gab,Gabon,2020,467,80,0,547,0,547,454,1115,1569,1569
3169,gab,Gabon,2021,272,53,0,325,0,325,620,902,1522,1522
3170,gab,Gabon,2022,205,75,0,280,0,280,772,717,1489,1489
3171,gab,Gabon,2023,204,86,9,299,0,299,866,834,1709,1709
3172,gab,Gabon,2024,179,82,9,270,0,270,948,909,1866,1866
3173,gmb,Gambia,1975,0,0,0,0,0,0,0,0,0,0
3174,gmb,Gambia,1976,0,0,0,0,0,0,0,0,0,0
3175,gmb,Gambia,1977,0,0,0,0,0,0,0,0,0,0
3176,gmb,Gambia,1978,0,0,0,0,0,0,0,0,0,0
3177,gmb,Gambia,1979,0,0,0,0,0,0,0,0,0,0
3178,gmb,Gambia,1980,0,0,0,0,0,0,0,0,0,0
3179,gmb,Gambia,1981,0,0,0,0,0,0,0,0,0,0
3180,gmb,Gambia,1982,0,0,0,0,0,0,0,0,0,0
3181,gmb,Gambia,1983,0,0,0,0,0,0,0,0,0,0
3182,gmb,Gambia,1984,0,0,0,0,0,0,0,0,0,0
3183,gmb,Gambia,1985,0,0,0,0,0,0,0,0,0,0
3184,gmb,Gambia,1986,0,0,0,0,0,0,0,0,0,0
3185,gmb,Gambia,1987,0,0,0,0,0,0,0,0,0,0
3186,gmb,Gambia,1988,0,0,0,0,0,0,0,0,0,0
3187,gmb,Gambia,1989,0,0,0,0,0,0,0,0,0,0
3188,gmb,Gambia,1990,77,0,0,77,0,77,5,0,5,5
3189,gmb,Gambia,1991,240,0,0,240,0,240,16,0,16,16
3190,gmb,Gambia,1992,3632,0,0,3632,0,3632,25,0,25,25
3191,gmb,Gambia,1993,2182,0,0,2182,0,2182,27,0,27,27
3192,gmb,Gambia,1994,2206,0,0,2206,0,2206,24,0,24,24
3193,gmb,Gambia,1995,6598,0,0,6598,0,6598,156,0,156,156
3194,gmb,Gambia,1996,6923,0,0,6923,0,6923,308,0,308,308
3195,gmb,Gambia,1997,7276,0,0,7276,0,7276,421,0,421,421
3196,gmb,Gambia,1998,10316,0,0,10316,0,10316,574,0,574,574
3197,gmb,Gambia,1999,17216,0,0,17216,0,17216,678,0,678,678
3198,gmb,Gambia,2000,12016,223,0,12239,0,12239,751,280,1031,1031
3199,gmb,Gambia,2001,8131,223,0,8354,0,8354,732,301,1033,1033
3200,gmb,Gambia,2002,12117,0,0,12117,0,12117,858,286,1144,1144
3201,gmb,Gambia,2003,7461,0,0,7461,0,7461,744,341,1085,1085
3202,gmb,Gambia,2004,7339,600,0,7939,0,7939,684,439,1123,1123
3203,gmb,Gambia,2005,7328,600,0,7928,0,7928,1680,659,2339,2339
3204,gmb,Gambia,2006,13758,600,0,14358,0,14358,1249,1006,2255,2255
3205,gmb,Gambia,2007,14892,0,0,14892,0,14892,1257,996,2253,2253
3206,gmb,Gambia,2008,14833,0,0,14833,0,14833,1336,1128,2464,2464
3207,gmb,Gambia,2009,10113,68,2156,12337,0,12337,1966,1155,3121,3121
3208,gmb,Gambia,2010,8373,74,0,8447,0,8447,2233,1044,3277,3277
3209,gmb,Gambia,2011,9523,25,0,9548,0,9548,2572,1179,3751,3751
3210,gmb,Gambia,2012,9846,0,0,9846,0,9846,3063,1753,4816,4816
3211,gmb,Gambia,2013,9557,0,212,9769,0,9769,3382,3817,7199,7199
3212,gmb,Gambia,2014,11606,0,0,11606,0,11606,5122,10476,15598,15598
3213,gmb,Gambia,2015,7851,0,0,7851,0,7851,8473,12820,21293,21293
3214,gmb,Gambia,2016,7936,0,0,7936,0,7936,11589,18888,30477,30477
3215,gmb,Gambia,2017,8039,5,0,8044,0,8044,14564,22214,36778,36778
3216,gmb,Gambia,2018,4027,349,0,4376,0,4376,17237,14016,31253,31253
3217,gmb,Gambia,2019,4302,206,0,4508,0,4508,17813,9161,26974,26974
3218,gmb,Gambia,2020,4378,207,0,4585,0,4585,10579,7091,17670,17670
3219,gmb,Gambia,2021,4418,207,0,4625,0,4625,11042,5731,16832,16832
3220,gmb,Gambia,2022,3685,198,0,3883,0,3883,10698,4854,15552,15552
3221,gmb,Gambia,2023,3809,446,0,4255,0,4255,8107,5744,13856,13856
3222,gmb,Gambia,2024,3964,447,0,4411,0,4411,8140,7587,15727,15727
3223,geo,Georgia,1993,0,0,0,0,260000,260000,6010,0,6010,266010
3224,geo,Georgia,1994,0,0,0,0,280000,280000,5114,0,5114,285114
3225,geo,Georgia,1995,100,0,0,100,272400,272500,305,0,305,272705
3226,geo,Georgia,1996,95,0,0,95,272359,272454,48485,0,48485,320844
3227,geo,Georgia,1997,161,0,0,161,273386,273547,47159,0,47159,320545
3228,geo,Georgia,1998,19,0,0,19,277006,277025,35665,0,36974,313980
3229,geo,Georgia,1999,5181,0,110,5291,278533,283824,29873,0,29873,308406
3230,geo,Georgia,2000,7621,0,100,7721,272101,279822,21818,1469,25489,297590
3231,geo,Georgia,2001,7902,0,32,7934,264221,272155,17490,2525,22808,287029
3232,geo,Georgia,2002,4194,0,32,4226,261583,265809,16970,2762,22753,284336
3233,geo,Georgia,2003,3864,0,32,3896,260215,264111,12488,2988,18402,278617
3234,geo,Georgia,2004,2559,9,0,2568,237069,239637,6620,2783,12212,249281
3235,geo,Georgia,2005,2500,5,0,2505,234249,236754,7289,3005,13103,247352
3236,geo,Georgia,2006,1377,5,61067,62449,245980,308429,6337,4375,76779,322759
3237,geo,Georgia,2007,1051,5,0,1056,273193,274249,11805,4061,15866,289059
3238,geo,Georgia,2008,1001,14,0,1015,329870,330885,12597,5089,17686,347556
3239,geo,Georgia,2009,872,21,0,893,352640,353533,15015,4759,19774,372414
3240,geo,Georgia,2010,638,42,0,680,359716,360396,10636,7185,17821,377537
3241,geo,Georgia,2011,461,36,0,497,273997,274494,10115,2957,13072,287069
3242,geo,Georgia,2012,468,451,0,919,279778,280697,9266,4575,13841,293619
3243,geo,Georgia,2013,847,325,0,1172,257611,258783,6787,11558,18345,275956
3244,geo,Georgia,2014,858,1240,0,2098,262704,264802,6687,7803,14490,277194
3245,geo,Georgia,2015,1973,720,0,2693,268416,271109,6505,9245,15750,284166
3246,geo,Georgia,2016,2122,305,0,2427,273765,276192,6405,14147,20552,294317
3247,geo,Georgia,2017,2089,530,0,2619,278103,280722,6535,16466,23001,301104
3248,geo,Georgia,2018,1987,677,0,2664,282382,285046,6983,21006,27989,310371
3249,geo,Georgia,2019,1355,1111,593,3059,286216,289275,7519,19734,27253,313469
3250,geo,Georgia,2020,1780,1282,0,3062,288538,291600,7346,15408,22754,311292
3251,geo,Georgia,2021,1818,1229,0,3047,290156,293203,9754,16648,26402,316558
3252,geo,Georgia,2022,27839,1030,0,28869,292856,321725,13389,29166,42555,335411
3253,geo,Georgia,2023,26019,1051,0,27070,295831,322901,14695,38556,53251,349082
3254,geo,Georgia,2024,31027,764,0,31791,299172,330963,16554,35010,51564,350736
3255,deu,Germany,1951,265000,0,0,265000,0,265000,0,0,0,0
3256,deu,Germany,1952,240000,0,0,240000,0,240000,0,0,0,0
3257,deu,Germany,1953,228000,0,0,228000,0,228000,0,0,0,0
3258,deu,Germany,1954,225000,0,0,225000,0,225000,0,0,0,0
3259,deu,Germany,1955,219000,0,0,219000,0,219000,0,0,0,0
3260,deu,Germany,1956,221000,0,0,221000,0,221000,0,0,0,0
3261,deu,Germany,1957,217000,0,0,217000,0,217000,0,0,0,0
3262,deu,Germany,1958,212000,0,0,212000,0,212000,0,0,0,0
3263,deu,Germany,1959,205000,0,0,205000,0,205000,0,0,0,0
3264,deu,Germany,1960,197000,0,0,197000,0,197000,0,0,0,0
3265,deu,Germany,1961,190000,0,0,190000,0,190000,0,0,0,0
3266,deu,Germany,1962,185000,0,0,185000,0,185000,0,0,0,0
3267,deu,Germany,1963,182000,0,0,182000,0,182000,0,0,0,0
3268,deu,Germany,1964,180000,0,0,180000,0,180000,0,0,0,0
3269,deu,Germany,1965,180000,0,0,180000,0,180000,0,0,0,0
3270,deu,Germany,1966,140000,0,0,140000,0,140000,0,0,0,0
3271,deu,Germany,1967,112000,0,0,112000,0,112000,0,0,0,0
3272,deu,Germany,1968,110000,0,0,110000,0,110000,0,0,0,0
3273,deu,Germany,1969,113000,0,0,113000,0,113000,0,0,0,0
3274,deu,Germany,1970,115000,0,0,115000,0,115000,0,0,0,0
3275,deu,Germany,1971,125000,0,0,125000,0,125000,0,0,0,0
3276,deu,Germany,1972,125000,0,0,125000,0,125000,0,0,0,0
3277,deu,Germany,1973,125000,0,0,125000,0,125000,0,0,0,0
3278,deu,Germany,1974,123000,0,0,123000,0,123000,0,0,0,0
3279,deu,Germany,1975,122000,0,0,122000,0,122000,0,0,0,0
3280,deu,Germany,1976,122000,0,0,122000,0,122000,0,0,0,0
3281,deu,Germany,1977,120000,0,0,120000,0,120000,0,0,0,0
3282,deu,Germany,1978,83500,0,0,83500,0,83500,0,0,0,0
3283,deu,Germany,1979,87000,0,0,87000,0,87000,0,0,0,0
3284,deu,Germany,1980,94000,0,0,94000,0,94000,0,0,0,0
3285,deu,Germany,1981,100000,0,0,100000,0,100000,0,0,0,0
3286,deu,Germany,1982,100000,0,0,100000,0,100000,0,0,0,0
3287,deu,Germany,1983,115000,0,0,115000,0,115000,0,0,0,0
3288,deu,Germany,1984,126600,0,0,126600,0,126600,0,0,0,0
3289,deu,Germany,1985,475000,0,0,475000,0,475000,0,0,0,0
3290,deu,Germany,1986,547900,0,0,547900,0,547900,0,0,0,0
3291,deu,Germany,1987,596200,0,0,596200,0,596200,0,0,0,0
3292,deu,Germany,1988,610200,0,0,610200,0,610200,0,0,0,0
3293,deu,Germany,1989,628500,0,0,628500,0,628500,0,0,0,0
3294,deu,Germany,1990,816000,0,0,816000,0,816000,0,0,0,0
3295,deu,Germany,1991,821500,0,0,821500,0,821500,5,0,5,5
3296,deu,Germany,1992,1236000,0,0,1236000,0,1236000,5,0,5,5
3297,deu,Germany,1993,1418000,0,0,1418000,0,1418000,8,0,8,8
3298,deu,Germany,1994,1354600,0,0,1354600,0,1354600,449,0,449,449
3299,deu,Germany,1995,1267900,0,0,1267900,0,1267900,384,0,384,384
3300,deu,Germany,1996,1266000,0,0,1266000,0,1266000,421,0,421,421
3301,deu,Germany,1997,1049000,0,0,1049000,0,1049000,443,0,443,443
3302,deu,Germany,1998,949200,0,0,949200,0,949200,689,0,689,689
3303,deu,Germany,1999,975500,0,0,975500,0,975500,1297,0,1297,1297
3304,deu,Germany,2000,906000,70234,0,976234,0,976234,1182,57,1239,1239
3305,deu,Germany,2001,903000,85493,0,988493,0,988493,1028,52,1080,1080
3306,deu,Germany,2002,980001,163975,0,1143976,0,1143976,924,73,997,997
3307,deu,Germany,2003,960393,128042,0,1088435,0,1088435,719,61,780,780
3308,deu,Germany,2004,876614,86124,0,962738,0,962738,74,61,135,135
3309,deu,Germany,2005,699996,71598,0,771594,0,771594,75,65,140,140
3310,deu,Germany,2006,605329,52785,0,658114,0,658114,114,80,194,194
3311,deu,Germany,2007,578866,34014,0,612880,0,612880,126,67,193,193
3312,deu,Germany,2008,582719,33263,22500,638482,0,638482,162,100,262,262
3313,deu,Germany,2009,593787,38875,17675,650337,0,650337,167,81,248,248
3314,deu,Germany,2010,594250,51930,16282,662462,0,662462,159,30,189,189
3315,deu,Germany,2011,571672,62654,16409,650735,0,650735,169,29,198,198
3316,deu,Germany,2012,589735,85507,0,675242,0,675242,174,21,195,195
3317,deu,Germany,2013,187545,135515,0,323060,0,323060,164,73,237,237
3318,deu,Germany,2014,216956,226147,0,443103,0,443103,170,77,247,247
3319,deu,Germany,2015,316098,420570,0,736668,0,736668,153,86,239,239
3320,deu,Germany,2016,669468,587306,0,1256774,0,1256774,67,128,195,195
3321,deu,Germany,2017,970357,429265,0,1399622,0,1399622,66,179,245,245
3322,deu,Germany,2018,1063835,369239,0,1433074,0,1433074,61,176,237,237
3323,deu,Germany,2019,1146682,309231,0,1455913,0,1455913,69,201,270,270
3324,deu,Germany,2020,1210596,243157,0,1453753,0,1453753,71,166,237,237
3325,deu,Germany,2021,1255694,253867,0,1509561,0,1509561,59,248,307,307
3326,deu,Germany,2022,2075445,261019,0,2336464,0,2336464,162,539,701,701
3327,deu,Germany,2023,2593007,361493,0,2954500,0,2954500,209,762,971,971
3328,deu,Germany,2024,2749266,348903,0,3098169,0,3098169,348,853,1201,1201
3329,gha,Ghana,1961,0,0,0,0,0,0,5000,0,5000,5000
3330,gha,Ghana,1962,0,0,0,0,0,0,5000,0,5000,5000
3331,gha,Ghana,1963,0,0,0,0,0,0,5000,0,5000,5000
3332,gha,Ghana,1964,0,0,0,0,0,0,5000,0,5000,5000
3333,gha,Ghana,1965,0,0,0,0,0,0,5000,0,5000,5000
3334,gha,Ghana,1966,0,0,0,0,0,0,0,0,0,0
3335,gha,Ghana,1967,0,0,0,0,0,0,0,0,0,0
3336,gha,Ghana,1968,0,0,0,0,0,0,0,0,0,0
3337,gha,Ghana,1969,20000,0,0,20000,0,20000,0,0,0,0
3338,gha,Ghana,1970,0,0,0,0,0,0,0,0,0,0
3339,gha,Ghana,1971,70,0,0,70,0,70,0,0,0,0
3340,gha,Ghana,1972,0,0,0,0,0,0,0,0,0,0
3341,gha,Ghana,1973,0,0,0,0,0,0,0,0,0,0
3342,gha,Ghana,1974,0,0,0,0,0,0,0,0,0,0
3343,gha,Ghana,1975,130,0,0,130,0,130,0,0,0,0
3344,gha,Ghana,1976,180,0,0,180,0,180,0,0,0,0
3345,gha,Ghana,1977,170,0,0,170,0,170,0,0,0,0
3346,gha,Ghana,1978,70,0,0,70,0,70,0,0,0,0
3347,gha,Ghana,1979,300,0,0,300,0,300,0,0,0,0
3348,gha,Ghana,1980,0,0,0,0,0,0,0,0,0,0
3349,gha,Ghana,1981,0,0,0,0,0,0,0,0,0,0
3350,gha,Ghana,1982,100,0,0,100,0,100,310,0,310,310
3351,gha,Ghana,1983,90,0,0,90,0,90,1958,0,1958,1958
3352,gha,Ghana,1984,90,0,0,90,0,90,2202,0,2202,2202
3353,gha,Ghana,1985,120,0,0,120,0,120,3195,0,3195,3195
3354,gha,Ghana,1986,160,0,0,160,0,160,2699,0,2699,2699
3355,gha,Ghana,1987,150,0,0,150,0,150,3916,0,3916,3916
3356,gha,Ghana,1988,140,0,0,140,0,140,4769,0,4769,4769
3357,gha,Ghana,1989,80,0,0,80,0,80,4716,0,4716,4716
3358,gha,Ghana,1990,8123,0,0,8123,0,8123,4690,0,4690,4690
3359,gha,Ghana,1991,8128,0,0,8128,0,8128,4702,0,4702,4702
3360,gha,Ghana,1992,12114,0,0,12114,0,12114,4776,0,4776,4776
3361,gha,Ghana,1993,150095,0,0,150095,0,150095,4471,0,4471,4471
3362,gha,Ghana,1994,113665,0,0,113665,174400,288065,14284,0,14284,188684
3363,gha,Ghana,1995,83201,0,0,83201,0,83201,13594,0,13594,13594
3364,gha,Ghana,1996,35613,0,0,35613,0,35613,15100,0,15100,15100
3365,gha,Ghana,1997,22853,0,0,22853,0,22853,14772,0,14772,14772
3366,gha,Ghana,1998,14558,0,0,14558,0,14558,13625,0,13625,13625
3367,gha,Ghana,1999,13256,0,0,13256,0,13256,13288,0,13288,13288
3368,gha,Ghana,2000,12714,440,0,13154,0,13154,14760,989,15749,15749
3369,gha,Ghana,2001,11787,2389,0,14176,0,14176,14547,1095,15642,15642
3370,gha,Ghana,2002,33506,8758,0,42264,0,42264,15675,1149,16824,16824
3371,gha,Ghana,2003,43948,4082,0,48030,0,48030,15866,1662,17528,17528
3372,gha,Ghana,2004,42049,6013,0,48062,0,48062,14759,1650,16409,16409
3373,gha,Ghana,2005,53534,5501,0,59035,0,59035,18421,2327,20748,20748
3374,gha,Ghana,2006,44938,5591,0,50529,0,50529,9949,1132,11081,11081
3375,gha,Ghana,2007,34955,447,0,35402,0,35402,5042,1636,6678,6678
3376,gha,Ghana,2008,18201,495,0,18696,0,18696,13225,1996,15221,15221
3377,gha,Ghana,2009,13655,595,0,14250,0,14250,14876,1319,16195,16195
3378,gha,Ghana,2010,13828,748,0,14576,0,14576,20175,1996,22171,22171
3379,gha,Ghana,2011,13588,12637,0,26225,0,26225,20333,2493,22826,22826
3380,gha,Ghana,2012,16012,2603,0,18615,0,18615,24269,3469,27738,27738
3381,gha,Ghana,2013,18681,1838,0,20519,0,20519,21048,4977,26025,26025
3382,gha,Ghana,2014,18448,2634,0,21082,0,21082,22116,7619,29735,29735
3383,gha,Ghana,2015,17404,1850,0,19254,0,19254,22962,10705,33667,33667
3384,gha,Ghana,2016,11866,1365,0,13231,0,13231,15527,11846,27373,27373
3385,gha,Ghana,2017,12153,1303,0,13456,0,13456,16959,17504,34463,34463
3386,gha,Ghana,2018,11896,1312,0,13208,0,13208,18071,12542,30613,30613
3387,gha,Ghana,2019,11946,1509,0,13455,0,13455,18432,10551,28983,28983
3388,gha,Ghana,2020,12406,1511,0,13917,0,13917,13844,10092,23941,23941
3389,gha,Ghana,2021,11894,1879,0,13773,0,13773,14251,9177,23445,23445
3390,gha,Ghana,2022,8531,2517,0,11048,0,11048,14949,8783,23732,23732
3391,gha,Ghana,2023,7057,4209,0,11266,0,11266,13870,11066,24961,24961
3392,gha,Ghana,2024,7479,9855,0,17334,0,17334,15078,19345,34439,34439
3393,grc,Greece,1951,18000,0,0,18000,0,18000,0,0,0,0
3394,grc,Greece,1952,19000,0,0,19000,0,19000,0,0,0,0
3395,grc,Greece,1953,18500,0,0,18500,0,18500,0,0,0,0
3396,grc,Greece,1954,19000,0,0,19000,0,19000,0,0,0,0
3397,grc,Greece,1955,17400,0,0,17400,0,17400,0,0,0,0
3398,grc,Greece,1956,16000,0,0,16000,0,16000,0,0,0,0
3399,grc,Greece,1957,16000,0,0,16000,0,16000,0,0,0,0
3400,grc,Greece,1958,15700,0,0,15700,0,15700,0,0,0,0
3401,grc,Greece,1959,15500,0,0,15500,0,15500,0,0,0,0
3402,grc,Greece,1960,15500,0,0,15500,0,15500,0,0,0,0
3403,grc,Greece,1961,15200,0,0,15200,0,15200,0,0,0,0
3404,grc,Greece,1962,15700,0,0,15700,0,15700,0,0,0,0
3405,grc,Greece,1963,15400,0,0,15400,0,15400,0,0,0,0
3406,grc,Greece,1964,16000,0,0,16000,0,16000,0,0,0,0
3407,grc,Greece,1965,15560,0,0,15560,0,15560,17690,0,17690,17690
3408,grc,Greece,1966,15300,0,0,15300,0,15300,7090,0,7090,7090
3409,grc,Greece,1967,12270,0,0,12270,0,12270,23420,0,23420,23420
3410,grc,Greece,1968,8260,0,0,8260,0,8260,21820,0,21820,21820
3411,grc,Greece,1969,6330,0,0,6330,0,6330,21590,0,21590,21590
3412,grc,Greece,1970,5710,0,0,5710,0,5710,21290,0,21290,21290
3413,grc,Greece,1971,5780,0,0,5780,0,5780,1480,0,1480,1480
3414,grc,Greece,1972,3350,0,0,3350,0,3350,6610,0,6610,6610
3415,grc,Greece,1973,2940,0,0,2940,0,2940,5900,0,5900,5900
3416,grc,Greece,1974,2710,0,0,2710,0,2710,580,0,580,580
3417,grc,Greece,1975,2600,0,0,2600,0,2600,510,0,510,510
3418,grc,Greece,1976,2560,0,0,2560,0,2560,450,0,450,450
3419,grc,Greece,1977,2610,0,0,2610,0,2610,410,0,410,410
3420,grc,Greece,1978,2520,0,0,2520,0,2520,380,0,380,380
3421,grc,Greece,1979,3770,0,0,3770,0,3770,360,0,360,360
3422,grc,Greece,1980,3750,0,0,3750,0,3750,340,0,340,340
3423,grc,Greece,1981,3990,0,0,3990,0,3990,320,0,320,320
3424,grc,Greece,1982,3950,0,0,3950,0,3950,300,0,300,300
3425,grc,Greece,1983,4090,0,0,4090,0,4090,280,0,280,280
3426,grc,Greece,1984,4320,0,0,4320,0,4320,260,0,260,260
3427,grc,Greece,1985,4360,0,0,4360,0,4360,0,0,0,0
3428,grc,Greece,1986,3280,0,0,3280,0,3280,0,0,0,0
3429,grc,Greece,1987,4630,0,0,4630,0,4630,0,0,0,0
3430,grc,Greece,1988,8262,0,0,8262,0,8262,6,0,6,6
3431,grc,Greece,1989,7490,0,0,7490,0,7490,6,0,6,6
3432,grc,Greece,1990,8488,0,0,8488,0,8488,16,0,16,16
3433,grc,Greece,1991,8989,0,0,8989,0,8989,6,0,6,6
3434,grc,Greece,1992,8456,0,0,8456,0,8456,0,0,0,0
3435,grc,Greece,1993,7859,0,0,7859,0,7859,0,0,0,0
3436,grc,Greece,1994,7773,0,0,7773,0,7773,93,0,93,93
3437,grc,Greece,1995,4428,0,0,4428,0,4428,221,0,221,221
3438,grc,Greece,1996,5780,0,0,5780,0,5780,247,0,247,247
3439,grc,Greece,1997,5520,0,0,5520,0,5520,175,0,175,175
3440,grc,Greece,1998,6145,0,0,6145,0,6145,173,0,173,173
3441,grc,Greece,1999,6283,0,0,6283,0,6283,163,0,163,163
3442,grc,Greece,2000,6653,2372,0,9025,0,9025,124,25,149,149
3443,grc,Greece,2001,6927,6244,0,13171,0,13171,93,49,142,142
3444,grc,Greece,2002,2778,1801,0,4579,0,4579,296,40,336,336
3445,grc,Greece,2003,2762,7251,0,10013,0,10013,268,37,305,305
3446,grc,Greece,2004,2479,7363,3000,12842,0,12842,221,32,253,253
3447,grc,Greece,2005,2394,8857,3000,14251,0,14251,333,43,376,376
3448,grc,Greece,2006,2292,13499,3000,18791,0,18791,93,23,116,116
3449,grc,Greece,2007,2228,28448,0,30676,0,30676,92,10,102,102
3450,grc,Greece,2008,2169,38035,0,40204,0,40204,67,15,82,82
3451,grc,Greece,2009,1700,48201,0,49901,0,49901,61,21,82,82
3452,grc,Greece,2010,1443,55714,0,57157,0,57157,52,36,88,88
3453,grc,Greece,2011,1566,43942,0,45508,0,45508,54,38,92,92
3454,grc,Greece,2012,2090,36183,0,38273,0,38273,48,127,175,175
3455,grc,Greece,2013,3468,49800,19534,72802,0,72802,88,100,188,188
3456,grc,Greece,2014,10292,31898,0,42190,0,42190,108,59,167,167
3457,grc,Greece,2015,24831,26122,0,50953,0,50953,111,65,176,176
3458,grc,Greece,2016,46411,39960,0,86371,0,86371,101,76,177,177
3459,grc,Greece,2017,38988,44188,0,83176,0,83176,106,95,201,201
3460,grc,Greece,2018,61446,76057,0,137503,0,137503,107,128,235,235
3461,grc,Greece,2019,80454,105684,4734,190872,0,190872,95,133,228,228
3462,grc,Greece,2020,103101,60873,4705,168679,0,168679,90,122,212,212
3463,grc,Greece,2021,119650,37047,3653,160350,0,160350,87,171,258,258
3464,grc,Greece,2022,160761,22139,3641,186541,0,186541,125,194,319,319
3465,grc,Greece,2023,192384,32687,2722,227793,0,227793,102,219,321,321
3466,grc,Greece,2024,116450,28244,2106,146800,0,146800,97,233,330,330
3467,grd,Grenada,1988,0,0,0,0,0,0,9,0,9,9
3468,grd,Grenada,1989,0,0,0,0,0,0,5,0,5,5
3469,grd,Grenada,1990,0,0,0,0,0,0,5,0,5,5
3470,grd,Grenada,1991,0,0,0,0,0,0,5,0,5,5
3471,grd,Grenada,1992,0,0,0,0,0,0,0,0,0,0
3472,grd,Grenada,1993,0,0,0,0,0,0,0,0,0,0
3473,grd,Grenada,1994,0,0,0,0,0,0,5,0,5,5
3474,grd,Grenada,1995,0,0,0,0,0,0,6,0,6,6
3475,grd,Grenada,1996,0,0,0,0,0,0,10,0,10,10
3476,grd,Grenada,1997,0,0,0,0,0,0,11,0,11,11
3477,grd,Grenada,1998,0,0,0,0,0,0,19,0,19,19
3478,grd,Grenada,1999,0,0,0,0,0,0,35,0,35,35
3479,grd,Grenada,2000,0,0,0,0,0,0,23,89,112,112
3480,grd,Grenada,2001,0,0,0,0,0,0,53,175,228,228
3481,grd,Grenada,2002,0,0,0,0,0,0,73,374,447,447
3482,grd,Grenada,2003,0,0,0,0,0,0,76,258,334,334
3483,grd,Grenada,2004,0,0,0,0,0,0,98,121,219,219
3484,grd,Grenada,2005,0,0,0,0,0,0,151,101,252,252
3485,grd,Grenada,2006,0,0,0,0,0,0,199,41,240,240
3486,grd,Grenada,2007,0,0,0,0,0,0,293,63,356,356
3487,grd,Grenada,2008,0,0,0,0,0,0,310,65,375,375
3488,grd,Grenada,2009,0,0,0,0,0,0,332,88,420,420
3489,grd,Grenada,2010,0,5,0,5,0,5,344,63,407,407
3490,grd,Grenada,2011,5,0,0,5,0,5,325,45,370,370
3491,grd,Grenada,2012,0,0,0,0,0,0,316,49,365,365
3492,grd,Grenada,2013,0,0,0,0,0,0,330,41,371,371
3493,grd,Grenada,2014,0,0,0,0,0,0,324,52,376,376
3494,grd,Grenada,2015,0,0,0,0,0,0,270,51,321,321
3495,grd,Grenada,2016,0,0,0,0,0,0,100,63,163,163
3496,grd,Grenada,2017,0,0,0,0,0,0,103,62,165,165
3497,grd,Grenada,2018,0,0,0,0,0,0,96,59,155,155
3498,grd,Grenada,2019,0,0,0,0,0,0,80,89,169,169
3499,grd,Grenada,2020,0,0,0,0,0,0,70,81,151,151
3500,grd,Grenada,2021,0,0,0,0,0,0,52,97,149,149
3501,grd,Grenada,2022,0,0,234,234,0,234,51,116,167,167
3502,grd,Grenada,2023,0,0,0,0,0,0,70,123,193,193
3503,grd,Grenada,2024,0,0,0,0,0,0,100,136,236,236
3504,gtm,Guatemala,1972,160,0,0,160,0,160,0,0,0,0
3505,gtm,Guatemala,1973,0,0,0,0,0,0,0,0,0,0
3506,gtm,Guatemala,1974,0,0,0,0,0,0,0,0,0,0
3507,gtm,Guatemala,1975,0,0,0,0,0,0,0,0,0,0
3508,gtm,Guatemala,1976,0,0,0,0,0,0,0,0,0,0
3509,gtm,Guatemala,1977,0,0,0,0,0,0,0,0,0,0
3510,gtm,Guatemala,1978,0,0,0,0,0,0,0,0,0,0
3511,gtm,Guatemala,1979,0,0,0,0,0,0,0,0,0,0
3512,gtm,Guatemala,1980,4130,0,0,4130,0,4130,750,0,750,750
3513,gtm,Guatemala,1981,100000,0,0,100000,0,100000,1910,0,1910,1910
3514,gtm,Guatemala,1982,70000,0,0,70000,0,70000,36490,0,36490,36490
3515,gtm,Guatemala,1983,70000,0,0,70000,0,70000,41800,0,41800,41800
3516,gtm,Guatemala,1984,70000,0,0,70000,0,70000,47880,0,47880,47880
3517,gtm,Guatemala,1985,12000,0,0,12000,0,12000,52890,0,52890,52890
3518,gtm,Guatemala,1986,12000,0,0,12000,0,12000,52800,0,52800,52800
3519,gtm,Guatemala,1987,12000,0,0,12000,0,12000,53700,0,53700,53700
3520,gtm,Guatemala,1988,223100,0,0,223100,0,223100,53753,0,53753,53753
3521,gtm,Guatemala,1989,223100,0,0,223100,0,223100,45413,0,45413,45413
3522,gtm,Guatemala,1990,223377,0,0,223377,0,223377,47988,0,47988,47988
3523,gtm,Guatemala,1991,223236,0,0,223236,0,223236,52584,0,52584,52584
3524,gtm,Guatemala,1992,222929,0,0,222929,0,222929,53940,0,53940,53940
3525,gtm,Guatemala,1993,4689,0,0,4689,0,4689,50265,0,50265,50265
3526,gtm,Guatemala,1994,4672,0,0,4672,8000,12672,49606,0,49606,57606
3527,gtm,Guatemala,1995,1497,0,0,1497,13700,15197,42901,0,42901,56601
3528,gtm,Guatemala,1996,1560,0,0,1560,11200,12760,40341,0,40341,51541
3529,gtm,Guatemala,1997,1501,0,0,1501,1650,3151,37506,0,37506,39156
3530,gtm,Guatemala,1998,814,0,0,814,0,814,32745,0,32745,32745
3531,gtm,Guatemala,1999,731,0,0,731,0,731,28082,0,28082,28082
3532,gtm,Guatemala,2000,720,5,0,725,0,725,20709,101803,125853,125853
3533,gtm,Guatemala,2001,724,9,0,733,0,733,16868,99542,116410,116410
3534,gtm,Guatemala,2002,732,7,0,739,0,739,13892,96112,110004,110004
3535,gtm,Guatemala,2003,714,0,0,714,0,714,6696,88582,95278,95278
3536,gtm,Guatemala,2004,655,0,0,655,0,655,4374,58642,63016,63016
3537,gtm,Guatemala,2005,388,0,0,388,0,388,3376,31848,35224,35224
3538,gtm,Guatemala,2006,379,0,0,379,0,379,6493,20532,27025,27025
3539,gtm,Guatemala,2007,377,0,0,377,0,377,6157,14998,21155,21155
3540,gtm,Guatemala,2008,127,5,0,132,0,132,5927,10243,16170,16170
3541,gtm,Guatemala,2009,127,0,0,127,0,127,5763,9104,14867,14867
3542,gtm,Guatemala,2010,137,0,0,137,0,137,5675,1023,6698,6698
3543,gtm,Guatemala,2011,148,5,0,153,0,153,6087,1105,7192,7192
3544,gtm,Guatemala,2012,157,5,0,162,0,162,6389,1325,7714,7714
3545,gtm,Guatemala,2013,154,14,0,168,0,168,6620,8435,15055,15055
3546,gtm,Guatemala,2014,160,97,0,257,0,257,7487,15800,23287,23287
3547,gtm,Guatemala,2015,222,123,3500,3845,0,3845,10284,26951,40735,40735
3548,gtm,Guatemala,2016,295,0,23900,24195,0,24195,12549,46222,58771,58771
3549,gtm,Guatemala,2017,360,28,62200,62588,0,62588,16284,72726,89010,89010
3550,gtm,Guatemala,2018,380,251,110600,111231,0,111231,19128,86875,106027,106027
3551,gtm,Guatemala,2019,408,631,110600,111639,0,111639,22770,119521,190127,190127
3552,gtm,Guatemala,2020,442,784,112749,113975,0,113975,24544,146111,197919,197919
3553,gtm,Guatemala,2021,479,1470,147222,149171,0,149171,26927,160428,336810,336810
3554,gtm,Guatemala,2022,701,1519,146900,149120,0,149120,30259,166901,330723,330723
3555,gtm,Guatemala,2023,989,2051,148026,151066,0,151066,34010,176035,331910,331910
3556,gtm,Guatemala,2024,1306,3370,175565,180241,0,180241,36323,195319,271009,271009
3557,gin,Guinea,1971,0,0,0,0,0,0,300,0,300,300
3558,gin,Guinea,1972,0,0,0,0,0,0,0,0,0,0
3559,gin,Guinea,1973,0,0,0,0,0,0,0,0,0,0
3560,gin,Guinea,1974,0,0,0,0,0,0,0,0,0,0
3561,gin,Guinea,1975,0,0,0,0,0,0,300000,0,300000,300000
3562,gin,Guinea,1976,0,0,0,0,0,0,500000,0,500000,500000
3563,gin,Guinea,1977,0,0,0,0,0,0,3000,0,3000,3000
3564,gin,Guinea,1978,0,0,0,0,0,0,0,0,0,0
3565,gin,Guinea,1979,0,0,0,0,0,0,0,0,0,0
3566,gin,Guinea,1980,0,0,0,0,0,0,0,0,0,0
3567,gin,Guinea,1981,0,0,0,0,0,0,0,0,0,0
3568,gin,Guinea,1982,0,0,0,0,0,0,50,0,50,50
3569,gin,Guinea,1983,0,0,0,0,0,0,0,0,0,0
3570,gin,Guinea,1984,0,0,0,0,0,0,70,0,70,70
3571,gin,Guinea,1985,0,0,0,0,0,0,0,0,0,0
3572,gin,Guinea,1986,0,0,0,0,0,0,50,0,50,50
3573,gin,Guinea,1987,0,0,0,0,0,0,50,0,50,50
3574,gin,Guinea,1988,0,0,0,0,0,0,50,0,50,50
3575,gin,Guinea,1989,0,0,0,0,0,0,50,0,50,50
3576,gin,Guinea,1990,325000,0,0,325000,0,325000,0,0,0,0
3577,gin,Guinea,1991,547961,0,0,547961,0,547961,0,0,0,0
3578,gin,Guinea,1992,478491,0,0,478491,0,478491,16,0,16,16
3579,gin,Guinea,1993,577156,0,0,577156,0,577156,27,0,27,27
3580,gin,Guinea,1994,553236,0,0,553236,0,553236,101,0,101,101
3581,gin,Guinea,1995,672293,0,0,672293,0,672293,441,0,441,441
3582,gin,Guinea,1996,663849,0,0,663849,0,663849,520,0,520,520
3583,gin,Guinea,1997,435294,0,0,435294,0,435294,641,0,641,641
3584,gin,Guinea,1998,482463,0,0,482463,0,482463,911,0,911,911
3585,gin,Guinea,1999,501544,0,0,501544,0,501544,1148,0,1148,1148
3586,gin,Guinea,2000,427210,0,0,427210,0,427210,1489,2523,4012,4012
3587,gin,Guinea,2001,178446,872,0,179318,0,179318,2009,3857,5866,5866
3588,gin,Guinea,2002,182164,371,0,182535,0,182535,3417,3804,7221,7221
3589,gin,Guinea,2003,184339,2545,0,186884,0,186884,3868,3161,7029,7029
3590,gin,Guinea,2004,139240,6317,0,145557,0,145557,4777,2479,7256,7256
3591,gin,Guinea,2005,63519,3809,0,67328,0,67328,5816,3268,9084,9084
3592,gin,Guinea,2006,31466,3883,0,35349,0,35349,6830,2658,9488,9488
3593,gin,Guinea,2007,25220,4017,0,29237,0,29237,8269,1924,10193,10193
3594,gin,Guinea,2008,21485,628,0,22113,0,22113,9481,2012,11493,11493
3595,gin,Guinea,2009,15322,923,0,16245,0,16245,10912,2819,13731,13731
3596,gin,Guinea,2010,14110,763,0,14873,0,14873,11978,2769,14747,14747
3597,gin,Guinea,2011,16606,604,0,17210,0,17210,13164,4641,17805,17805
3598,gin,Guinea,2012,10369,530,0,10899,0,10899,14062,9504,23566,23566
3599,gin,Guinea,2013,8554,309,0,8863,0,8863,14559,11604,26163,26163
3600,gin,Guinea,2014,8763,283,0,9046,0,9046,15247,17813,33060,33060
3601,gin,Guinea,2015,8835,199,0,9034,0,9034,16995,17832,34827,34827
3602,gin,Guinea,2016,5067,104,0,5171,0,5171,17536,24389,41925,41925
3603,gin,Guinea,2017,5156,108,0,5264,0,5264,20333,34518,54851,54851
3604,gin,Guinea,2018,4294,1578,0,5872,0,5872,23493,33045,56538,56538
3605,gin,Guinea,2019,4964,1980,0,6944,0,6944,26857,30409,57266,57266
3606,gin,Guinea,2020,6029,3543,0,9572,0,9572,26792,31566,58358,58358
3607,gin,Guinea,2021,5741,253,220,6214,0,6214,34403,26458,61001,61001
3608,gin,Guinea,2022,2199,53,0,2252,0,2252,35244,25242,60486,60486
3609,gin,Guinea,2023,2191,54,0,2245,0,2245,38585,34513,73103,73103
3610,gin,Guinea,2024,2171,172,0,2343,0,2343,42096,55204,97300,97300
3611,gnb,Guinea-Bissau,1963,0,0,0,0,0,0,6000,0,6000,6000
3612,gnb,Guinea-Bissau,1964,0,0,0,0,0,0,30000,0,30000,30000
3613,gnb,Guinea-Bissau,1965,0,0,0,0,0,0,50000,0,50000,50000
3614,gnb,Guinea-Bissau,1966,0,0,0,0,0,0,61050,0,61050,61050
3615,gnb,Guinea-Bissau,1967,0,0,0,0,0,0,59520,0,59520,59520
3616,gnb,Guinea-Bissau,1968,0,0,0,0,0,0,56740,0,56740,56740
3617,gnb,Guinea-Bissau,1969,0,0,0,0,0,0,67800,0,67800,67800
3618,gnb,Guinea-Bissau,1970,0,0,0,0,0,0,66660,0,66660,66660
3619,gnb,Guinea-Bissau,1971,0,0,0,0,0,0,80000,0,80000,80000
3620,gnb,Guinea-Bissau,1972,0,0,0,0,0,0,82000,0,82000,82000
3621,gnb,Guinea-Bissau,1973,0,0,0,0,0,0,84000,0,84000,84000
3622,gnb,Guinea-Bissau,1974,0,0,0,0,0,0,90000,0,90000,90000
3623,gnb,Guinea-Bissau,1975,0,0,0,0,0,0,46000,0,46000,46000
3624,gnb,Guinea-Bissau,1976,0,0,0,0,0,0,37000,0,37000,37000
3625,gnb,Guinea-Bissau,1977,0,0,0,0,0,0,5000,0,5000,5000
3626,gnb,Guinea-Bissau,1978,0,0,0,0,0,0,5000,0,5000,5000
3627,gnb,Guinea-Bissau,1979,0,0,0,0,0,0,5000,0,5000,5000
3628,gnb,Guinea-Bissau,1980,0,0,0,0,0,0,5000,0,5000,5000
3629,gnb,Guinea-Bissau,1981,110,0,0,110,0,110,4000,0,4000,4000
3630,gnb,Guinea-Bissau,1982,0,0,0,0,0,0,5000,0,5000,5000
3631,gnb,Guinea-Bissau,1983,0,0,0,0,0,0,5000,0,5000,5000
3632,gnb,Guinea-Bissau,1984,0,0,0,0,0,0,5010,0,5010,5010
3633,gnb,Guinea-Bissau,1985,0,0,0,0,0,0,5350,0,5350,5350
3634,gnb,Guinea-Bissau,1986,0,0,0,0,0,0,5355,0,5355,5355
3635,gnb,Guinea-Bissau,1987,0,0,0,0,0,0,5000,0,5000,5000
3636,gnb,Guinea-Bissau,1988,0,0,0,0,0,0,4999,0,4999,4999
3637,gnb,Guinea-Bissau,1989,0,0,0,0,0,0,5001,0,5001,5001
3638,gnb,Guinea-Bissau,1990,3004,0,0,3004,0,3004,5001,0,5001,5001
3639,gnb,Guinea-Bissau,1991,4631,0,0,4631,0,4631,5006,0,5006,5006
3640,gnb,Guinea-Bissau,1992,12163,0,0,12163,0,12163,5006,0,5006,5006
3641,gnb,Guinea-Bissau,1993,20727,0,0,20727,0,20727,5006,0,5006,5006
3642,gnb,Guinea-Bissau,1994,23909,0,0,23909,0,23909,5011,0,5011,5011
3643,gnb,Guinea-Bissau,1995,15350,0,0,15350,0,15350,830,0,830,830
3644,gnb,Guinea-Bissau,1996,15401,0,0,15401,0,15401,854,0,854,854
3645,gnb,Guinea-Bissau,1997,15982,0,0,15982,0,15982,865,0,865,865
3646,gnb,Guinea-Bissau,1998,6604,0,0,6604,195550,202154,8885,0,8885,204435
3647,gnb,Guinea-Bissau,1999,7120,0,0,7120,0,7120,3187,0,3187,3187
3648,gnb,Guinea-Bissau,2000,7587,48,0,7635,0,7635,880,689,1569,1569
3649,gnb,Guinea-Bissau,2001,7332,371,0,7703,0,7703,917,748,1665,1665
3650,gnb,Guinea-Bissau,2002,7639,38,0,7677,0,7677,978,277,1255,1255
3651,gnb,Guinea-Bissau,2003,7552,77,0,7629,0,7629,969,224,1193,1193
3652,gnb,Guinea-Bissau,2004,7537,139,0,7676,0,7676,1008,199,1207,1207
3653,gnb,Guinea-Bissau,2005,7615,161,0,7776,0,7776,1042,243,1285,1285
3654,gnb,Guinea-Bissau,2006,7801,313,0,8114,0,8114,1000,285,1285,1285
3655,gnb,Guinea-Bissau,2007,7863,341,0,8204,0,8204,1018,247,1265,1265
3656,gnb,Guinea-Bissau,2008,7885,325,0,8210,0,8210,1053,256,1309,1309
3657,gnb,Guinea-Bissau,2009,7897,291,0,8188,0,8188,1100,317,1417,1417
3658,gnb,Guinea-Bissau,2010,7675,323,0,7998,0,7998,1117,338,1455,1455
3659,gnb,Guinea-Bissau,2011,7796,88,0,7884,0,7884,1118,486,1604,1604
3660,gnb,Guinea-Bissau,2012,7780,95,0,7875,0,7875,1173,898,2071,2071
3661,gnb,Guinea-Bissau,2013,8535,104,0,8639,0,8639,1222,1193,2415,2415
3662,gnb,Guinea-Bissau,2014,8685,115,0,8800,0,8800,1306,1759,3065,3065
3663,gnb,Guinea-Bissau,2015,8685,115,0,8800,0,8800,1472,1921,3393,3393
3664,gnb,Guinea-Bissau,2016,9264,29,0,9293,0,9293,1650,1866,3516,3516
3665,gnb,Guinea-Bissau,2017,11207,11,0,11218,0,11218,1870,3502,5372,5372
3666,gnb,Guinea-Bissau,2018,4853,21,0,4874,0,4874,2043,2850,4893,4893
3667,gnb,Guinea-Bissau,2019,1846,30,0,1876,0,1876,2093,2665,4758,4758
3668,gnb,Guinea-Bissau,2020,1846,30,0,1876,0,1876,1638,2713,4351,4351
3669,gnb,Guinea-Bissau,2021,1846,30,0,1876,0,1876,2039,2546,4585,4585
3670,gnb,Guinea-Bissau,2022,24,30,0,54,0,54,2037,2291,4328,4328
3671,gnb,Guinea-Bissau,2023,24,30,0,54,0,54,1859,1381,3240,3240
3672,gnb,Guinea-Bissau,2024,24,30,0,54,0,54,1900,1267,3167,3167
3673,guy,Guyana,1972,100,0,0,100,0,100,0,0,0,0
3674,guy,Guyana,1973,0,0,0,0,0,0,0,0,0,0
3675,guy,Guyana,1974,200,0,0,200,0,200,0,0,0,0
3676,guy,Guyana,1975,0,0,0,0,0,0,0,0,0,0
3677,guy,Guyana,1976,0,0,0,0,0,0,0,0,0,0
3678,guy,Guyana,1977,0,0,0,0,0,0,0,0,0,0
3679,guy,Guyana,1978,0,0,0,0,0,0,0,0,0,0
3680,guy,Guyana,1979,0,0,0,0,0,0,0,0,0,0
3681,guy,Guyana,1980,0,0,0,0,0,0,0,0,0,0
3682,guy,Guyana,1981,0,0,0,0,0,0,0,0,0,0
3683,guy,Guyana,1982,0,0,0,0,0,0,0,0,0,0
3684,guy,Guyana,1983,0,0,0,0,0,0,0,0,0,0
3685,guy,Guyana,1984,0,0,0,0,0,0,0,0,0,0
3686,guy,Guyana,1985,0,0,0,0,0,0,0,0,0,0
3687,guy,Guyana,1986,0,0,0,0,0,0,0,0,0,0
3688,guy,Guyana,1987,0,0,0,0,0,0,0,0,0,0
3689,guy,Guyana,1988,0,0,0,0,0,0,0,0,0,0
3690,guy,Guyana,1989,0,0,0,0,0,0,0,0,0,0
3691,guy,Guyana,1990,0,0,0,0,0,0,0,0,0,0
3692,guy,Guyana,1991,0,0,0,0,0,0,0,0,0,0
3693,guy,Guyana,1992,0,0,0,0,0,0,0,0,0,0
3694,guy,Guyana,1993,0,0,0,0,0,0,0,0,0,0
3695,guy,Guyana,1994,0,0,0,0,0,0,69,0,69,69
3696,guy,Guyana,1995,0,0,0,0,0,0,59,0,59,59
3697,guy,Guyana,1996,0,0,0,0,0,0,54,0,54,54
3698,guy,Guyana,1997,0,0,0,0,0,0,37,0,37,37
3699,guy,Guyana,1998,0,0,0,0,0,0,38,0,38,38
3700,guy,Guyana,1999,0,0,0,0,0,0,47,0,47,47
3701,guy,Guyana,2000,0,0,0,0,0,0,35,201,236,236
3702,guy,Guyana,2001,0,0,0,0,0,0,36,378,414,414
3703,guy,Guyana,2002,0,0,0,0,0,0,50,1074,1124,1124
3704,guy,Guyana,2003,0,0,0,0,0,0,75,1296,1371,1371
3705,guy,Guyana,2004,0,0,0,0,0,0,191,668,859,859
3706,guy,Guyana,2005,0,0,0,0,0,0,405,385,790,790
3707,guy,Guyana,2006,0,0,0,0,0,0,535,300,835,835
3708,guy,Guyana,2007,0,0,0,0,0,0,676,243,919,919
3709,guy,Guyana,2008,0,0,0,0,0,0,707,276,983,983
3710,guy,Guyana,2009,0,0,0,0,0,0,724,323,1047,1047
3711,guy,Guyana,2010,7,0,0,7,0,7,746,170,916,916
3712,guy,Guyana,2011,7,0,0,7,0,7,768,102,870,870
3713,guy,Guyana,2012,7,0,0,7,0,7,800,73,873,873
3714,guy,Guyana,2013,12,0,0,12,0,12,800,136,936,936
3715,guy,Guyana,2014,12,0,0,12,0,12,700,148,848,848
3716,guy,Guyana,2015,12,0,0,12,0,12,508,223,731,731
3717,guy,Guyana,2016,12,0,0,12,0,12,269,296,565,565
3718,guy,Guyana,2017,17,0,0,17,0,17,260,482,742,742
3719,guy,Guyana,2018,25,12,0,37,0,37,283,551,834,834
3720,guy,Guyana,2019,14,57,0,71,0,71,284,676,960,960
3721,guy,Guyana,2020,23,72,0,95,0,95,267,708,975,975
3722,guy,Guyana,2021,40,94,0,134,0,134,285,856,1141,1141
3723,guy,Guyana,2022,12,163,0,175,0,175,250,929,1179,1179
3724,guy,Guyana,2023,27,55,0,82,0,82,248,1265,1513,1513
3725,guy,Guyana,2024,27,52,0,79,0,79,313,1591,1904,1904
3726,hti,Haiti,1974,0,0,0,0,0,0,1000,0,1000,1000
3727,hti,Haiti,1975,0,0,0,0,0,0,0,0,0,0
3728,hti,Haiti,1976,0,0,0,0,0,0,0,0,0,0
3729,hti,Haiti,1977,0,0,0,0,0,0,0,0,0,0
3730,hti,Haiti,1978,0,0,0,0,0,0,300,0,300,300
3731,hti,Haiti,1979,0,0,0,0,0,0,3300,0,3300,3300
3732,hti,Haiti,1980,0,0,0,0,0,0,3800,0,3800,3800
3733,hti,Haiti,1981,0,0,0,0,0,0,5000,0,5000,5000
3734,hti,Haiti,1982,0,0,0,0,0,0,5000,0,5000,5000
3735,hti,Haiti,1983,0,0,0,0,0,0,5230,0,5230,5230
3736,hti,Haiti,1984,0,0,0,0,0,0,5440,0,5440,5440
3737,hti,Haiti,1985,0,0,0,0,0,0,6100,0,6100,6100
3738,hti,Haiti,1986,0,0,0,0,0,0,5120,0,5120,5120
3739,hti,Haiti,1987,0,0,0,0,0,0,5080,0,5080,5080
3740,hti,Haiti,1988,0,0,0,0,0,0,4699,0,4699,4699
3741,hti,Haiti,1989,0,0,0,0,0,0,3344,0,3344,3344
3742,hti,Haiti,1990,0,0,0,0,0,0,2092,0,2092,2092
3743,hti,Haiti,1991,0,0,0,0,0,0,1857,0,1857,1857
3744,hti,Haiti,1992,0,0,0,0,0,0,2483,0,2483,2483
3745,hti,Haiti,1993,0,0,0,0,0,0,3861,0,3861,3861
3746,hti,Haiti,1994,0,0,0,0,0,0,9800,0,9800,9800
3747,hti,Haiti,1995,0,0,0,0,0,0,13927,0,13927,13927
3748,hti,Haiti,1996,0,0,0,0,0,0,15119,0,15119,15119
3749,hti,Haiti,1997,0,0,0,0,0,0,15479,0,15479,15479
3750,hti,Haiti,1998,0,0,0,0,0,0,13539,0,13539,13539
3751,hti,Haiti,1999,0,0,0,0,0,0,8768,0,8768,8768
3752,hti,Haiti,2000,0,0,0,0,0,0,7564,19735,27299,27299
3753,hti,Haiti,2001,0,0,0,0,0,0,7246,21958,29204,29204
3754,hti,Haiti,2002,0,0,0,0,0,0,7722,22185,29907,29907
3755,hti,Haiti,2003,0,0,0,0,0,0,7550,18352,25902,25902
3756,hti,Haiti,2004,0,0,0,0,0,0,9209,16266,25475,25475
3757,hti,Haiti,2005,0,0,0,0,0,0,13538,13515,27053,27053
3758,hti,Haiti,2006,0,0,0,0,0,0,20834,10540,31374,31374
3759,hti,Haiti,2007,0,0,0,0,0,0,22275,10262,32537,32537
3760,hti,Haiti,2008,0,0,0,0,0,0,23059,12668,35727,35727
3761,hti,Haiti,2009,0,12,0,12,0,12,24110,11886,35996,35996
3762,hti,Haiti,2010,0,5,0,5,0,5,25886,7190,33076,33076
3763,hti,Haiti,2011,0,6,0,6,0,6,33652,7463,41115,41115
3764,hti,Haiti,2012,0,11,0,11,0,11,38559,2628,46767,46767
3765,hti,Haiti,2013,0,8,0,8,0,8,38644,5156,56118,56118
3766,hti,Haiti,2014,0,0,0,0,0,0,37147,6721,73106,73106
3767,hti,Haiti,2015,0,10,0,10,0,10,34762,9263,50289,50289
3768,hti,Haiti,2016,5,0,0,5,0,5,29671,22454,75055,75055
3769,hti,Haiti,2017,5,0,0,5,0,5,28424,37018,109313,109313
3770,hti,Haiti,2018,5,0,0,5,0,5,27517,40973,68490,68490
3771,hti,Haiti,2019,0,5,0,5,0,5,26734,65684,92418,92418
3772,hti,Haiti,2020,0,5,0,5,0,5,25649,80225,106004,106004
3773,hti,Haiti,2021,0,0,0,0,0,0,29454,135565,184404,184404
3774,hti,Haiti,2022,0,0,0,0,0,0,30307,177978,240175,240175
3775,hti,Haiti,2023,0,0,5,5,313901,313906,122139,228443,387591,701492
3776,hti,Haiti,2024,5,0,5,10,1037463,1037473,148252,275050,454654,1492117
3777,hos,Holy See,2007,0,0,0,0,0,0,0,5,5,5
3778,hos,Holy See,2008,0,0,0,0,0,0,0,5,5,5
3779,hos,Holy See,2009,0,0,0,0,0,0,0,0,0,0
3780,hos,Holy See,2010,0,0,0,0,0,0,0,0,0,0
3781,hos,Holy See,2011,0,0,0,0,0,0,0,0,0,0
3782,hos,Holy See,2012,0,0,0,0,0,0,0,0,0,0
3783,hos,Holy See,2013,0,0,0,0,0,0,0,0,0,0
3784,hos,Holy See,2014,0,0,0,0,0,0,0,0,0,0
3785,hos,Holy See,2015,0,0,0,0,0,0,0,0,0,0
3786,hos,Holy See,2016,0,0,0,0,0,0,0,0,0,0
3787,hos,Holy See,2017,0,0,0,0,0,0,0,0,0,0
3788,hos,Holy See,2018,0,0,0,0,0,0,0,0,0,0
3789,hos,Holy See,2019,0,0,0,0,0,0,0,5,5,5
3790,hos,Holy See,2020,0,0,0,0,0,0,0,12,12,12
3791,hos,Holy See,2021,0,0,0,0,0,0,0,12,12,12
3792,hos,Holy See,2022,0,0,0,0,0,0,0,17,17,17
3793,hnd,Honduras,1972,70,0,0,70,0,70,0,0,0,0
3794,hnd,Honduras,1973,0,0,0,0,0,0,0,0,0,0
3795,hnd,Honduras,1974,0,0,0,0,0,0,0,0,0,0
3796,hnd,Honduras,1975,0,0,0,0,0,0,0,0,0,0
3797,hnd,Honduras,1976,0,0,0,0,0,0,0,0,0,0
3798,hnd,Honduras,1977,0,0,0,0,0,0,0,0,0,0
3799,hnd,Honduras,1978,15000,0,0,15000,0,15000,0,0,0,0
3800,hnd,Honduras,1979,130,0,0,130,0,130,0,0,0,0
3801,hnd,Honduras,1980,25000,0,0,25000,0,25000,0,0,0,0
3802,hnd,Honduras,1981,28000,0,0,28000,0,28000,0,0,0,0
3803,hnd,Honduras,1982,32170,0,0,32170,0,32170,0,0,0,0
3804,hnd,Honduras,1983,39650,0,0,39650,0,39650,0,0,0,0
3805,hnd,Honduras,1984,49200,0,0,49200,0,49200,0,0,0,0
3806,hnd,Honduras,1985,60000,0,0,60000,0,60000,0,0,0,0
3807,hnd,Honduras,1986,68000,0,0,68000,0,68000,100,0,100,100
3808,hnd,Honduras,1987,63000,0,0,63000,0,63000,0,0,0,0
3809,hnd,Honduras,1988,237100,0,0,237100,0,237100,0,0,0,0
3810,hnd,Honduras,1989,237188,0,0,237188,0,237188,5,0,5,5
3811,hnd,Honduras,1990,237100,0,0,237100,0,237100,18,0,18,18
3812,hnd,Honduras,1991,101961,0,0,101961,0,101961,21,0,21,21
3813,hnd,Honduras,1992,100348,0,0,100348,0,100348,41,0,41,41
3814,hnd,Honduras,1993,65,0,0,65,0,65,450,0,450,450
3815,hnd,Honduras,1994,106,0,0,106,0,106,1212,0,1212,1212
3816,hnd,Honduras,1995,63,0,0,63,0,63,1218,0,1218,1218
3817,hnd,Honduras,1996,63,0,0,63,0,63,1256,0,1256,1256
3818,hnd,Honduras,1997,9,0,0,9,0,9,1243,0,1243,1243
3819,hnd,Honduras,1998,9,0,0,9,0,9,1097,0,1097,1097
3820,hnd,Honduras,1999,8,0,0,8,0,8,1066,0,1066,1066
3821,hnd,Honduras,2000,12,6,0,18,0,18,904,1187,6229,6229
3822,hnd,Honduras,2001,20,5,0,25,0,25,783,1158,1941,1941
3823,hnd,Honduras,2002,28,5,0,33,0,33,675,1249,1924,1924
3824,hnd,Honduras,2003,23,0,0,23,0,23,606,1202,1808,1808
3825,hnd,Honduras,2004,24,21,0,45,0,45,485,1265,1750,1750
3826,hnd,Honduras,2005,21,48,0,69,0,69,536,1225,1761,1761
3827,hnd,Honduras,2006,21,0,0,21,0,21,1035,1356,2391,2391
3828,hnd,Honduras,2007,21,16,0,37,0,37,1236,671,1907,1907
3829,hnd,Honduras,2008,26,0,0,26,0,26,1116,941,2057,2057
3830,hnd,Honduras,2009,18,0,0,18,0,18,1165,997,2162,2162
3831,hnd,Honduras,2010,11,0,0,11,0,11,1300,815,2115,2115
3832,hnd,Honduras,2011,16,0,0,16,0,16,1967,847,2814,2814
3833,hnd,Honduras,2012,16,0,0,16,0,16,2612,804,3416,3416
3834,hnd,Honduras,2013,16,22,0,38,0,38,3299,5292,8591,8591
3835,hnd,Honduras,2014,28,14,0,42,0,42,4157,10136,14293,14293
3836,hnd,Honduras,2015,28,10,5100,5138,174000,179138,6847,19456,31403,205403
3837,hnd,Honduras,2016,16,10,4800,4826,174000,178826,10509,35198,50507,224507
3838,hnd,Honduras,2017,27,11,3200,3238,174000,177238,14424,59782,77406,251406
3839,hnd,Honduras,2018,28,55,5200,5283,174001,179284,18857,76526,141802,315803
3840,hnd,Honduras,2019,75,109,6000,6184,247090,253274,26351,122480,221668,468758
3841,hnd,Honduras,2020,85,116,2940,3141,247090,250231,34456,148935,298958,546048
3842,hnd,Honduras,2021,144,99,5253,5496,247090,252586,51687,169994,270607,517697
3843,hnd,Honduras,2022,165,107,192977,193249,247090,440339,64785,195584,315718,562808
3844,hnd,Honduras,2023,182,101,173569,173852,247090,420942,84363,216873,352187,599277
3845,hnd,Honduras,2024,202,139,305126,305467,247090,552557,100969,237701,423565,670655
3846,hkg,"Hong Kong, China",1951,30000,0,0,30000,0,30000,0,0,0,0
3847,hkg,"Hong Kong, China",1952,0,0,0,0,0,0,0,0,0,0
3848,hkg,"Hong Kong, China",1953,0,0,0,0,0,0,0,0,0,0
3849,hkg,"Hong Kong, China",1954,22000,0,0,22000,0,22000,0,0,0,0
3850,hkg,"Hong Kong, China",1955,0,0,0,0,0,0,0,0,0,0
3851,hkg,"Hong Kong, China",1956,0,0,0,0,0,0,0,0,0,0
3852,hkg,"Hong Kong, China",1957,0,0,0,0,0,0,0,0,0,0
3853,hkg,"Hong Kong, China",1958,0,0,0,0,0,0,0,0,0,0
3854,hkg,"Hong Kong, China",1959,0,0,0,0,0,0,0,0,0,0
3855,hkg,"Hong Kong, China",1960,0,0,0,0,0,0,0,0,0,0
3856,hkg,"Hong Kong, China",1961,0,0,0,0,0,0,0,0,0,0
3857,hkg,"Hong Kong, China",1962,0,0,0,0,0,0,0,0,0,0
3858,hkg,"Hong Kong, China",1963,0,0,0,0,0,0,0,0,0,0
3859,hkg,"Hong Kong, China",1964,1120000,0,0,1120000,0,1120000,0,0,0,0
3860,hkg,"Hong Kong, China",1965,1251200,0,0,1251200,0,1251200,0,0,0,0
3861,hkg,"Hong Kong, China",1966,1250040,0,0,1250040,0,1250040,0,0,0,0
3862,hkg,"Hong Kong, China",1967,0,0,0,0,0,0,0,0,0,0
3863,hkg,"Hong Kong, China",1968,0,0,0,0,0,0,0,0,0,0
3864,hkg,"Hong Kong, China",1969,0,0,0,0,0,0,0,0,0,0
3865,hkg,"Hong Kong, China",1970,1000,0,0,1000,0,1000,0,0,0,0
3866,hkg,"Hong Kong, China",1971,1000,0,0,1000,0,1000,0,0,0,0
3867,hkg,"Hong Kong, China",1972,50,0,0,50,0,50,0,0,0,0
3868,hkg,"Hong Kong, China",1973,0,0,0,0,0,0,0,0,0,0
3869,hkg,"Hong Kong, China",1974,0,0,0,0,0,0,0,0,0,0
3870,hkg,"Hong Kong, China",1975,0,0,0,0,0,0,0,0,0,0
3871,hkg,"Hong Kong, China",1976,0,0,0,0,0,0,0,0,0,0
3872,hkg,"Hong Kong, China",1977,0,0,0,0,0,0,0,0,0,0
3873,hkg,"Hong Kong, China",1978,63410,0,0,63410,0,63410,0,0,0,0
3874,hkg,"Hong Kong, China",1979,55700,0,0,55700,0,55700,0,0,0,0
3875,hkg,"Hong Kong, China",1980,24070,0,0,24070,0,24070,0,0,0,0
3876,hkg,"Hong Kong, China",1981,13540,0,0,13540,0,13540,0,0,0,0
3877,hkg,"Hong Kong, China",1982,12620,0,0,12620,0,12620,0,0,0,0
3878,hkg,"Hong Kong, China",1983,12770,0,0,12770,0,12770,0,0,0,0
3879,hkg,"Hong Kong, China",1984,11960,0,0,11960,0,11960,0,0,0,0
3880,hkg,"Hong Kong, China",1985,9400,0,0,9400,0,9400,0,0,0,0
3881,hkg,"Hong Kong, China",1986,8000,0,0,8000,0,8000,0,0,0,0
3882,hkg,"Hong Kong, China",1987,9530,0,0,9530,0,9530,0,0,0,0
3883,hkg,"Hong Kong, China",1988,15359,0,0,15359,0,15359,0,0,0,0
3884,hkg,"Hong Kong, China",1989,12022,0,0,12022,0,12022,0,0,0,0
3885,hkg,"Hong Kong, China",1990,8161,0,0,8161,0,8161,0,0,0,0
3886,hkg,"Hong Kong, China",1991,4414,0,0,4414,0,4414,0,0,0,0
3887,hkg,"Hong Kong, China",1992,2605,0,0,2605,0,2605,0,0,0,0
3888,hkg,"Hong Kong, China",1993,1846,0,0,1846,0,1846,0,0,0,0
3889,hkg,"Hong Kong, China",1994,1698,0,0,1698,0,1698,257,0,257,257
3890,hkg,"Hong Kong, China",1995,1479,0,0,1479,0,1479,202,0,202,202
3891,hkg,"Hong Kong, China",1996,1350,0,0,1350,0,1350,102,0,102,102
3892,hkg,"Hong Kong, China",1997,1224,0,600,1824,0,1824,47,0,47,47
3893,hkg,"Hong Kong, China",1998,1037,0,0,1037,0,1037,39,0,39,39
3894,hkg,"Hong Kong, China",1999,973,0,0,973,0,973,17,0,17,17
3895,hkg,"Hong Kong, China",2000,980,41,37,1058,0,1058,10,8,18,18
3896,hkg,"Hong Kong, China",2001,1392,459,36,1887,0,1887,5,18,23,23
3897,hkg,"Hong Kong, China",2002,1490,171,36,1697,0,1697,0,17,17,17
3898,hkg,"Hong Kong, China",2003,1899,179,0,2078,0,2078,6,21,27,27
3899,hkg,"Hong Kong, China",2004,1865,655,0,2520,0,2520,7,10,17,17
3900,hkg,"Hong Kong, China",2005,1925,1078,0,3003,0,3003,0,19,19,19
3901,hkg,"Hong Kong, China",2006,1932,2382,0,4314,0,4314,8,18,26,26
3902,hkg,"Hong Kong, China",2007,89,1891,0,1980,0,1980,9,25,34,34
3903,hkg,"Hong Kong, China",2008,90,1088,0,1178,0,1178,9,49,58,58
3904,hkg,"Hong Kong, China",2009,78,769,0,847,0,847,10,66,76,76
3905,hkg,"Hong Kong, China",2010,149,451,0,600,0,600,16,81,97,97
3906,hkg,"Hong Kong, China",2011,146,574,0,720,0,720,14,5,19,19
3907,hkg,"Hong Kong, China",2012,105,798,0,903,0,903,18,64,82,82
3908,hkg,"Hong Kong, China",2013,113,1848,0,1961,0,1961,24,52,76,76
3909,hkg,"Hong Kong, China",2014,160,2223,0,2383,0,2383,25,38,63,63
3910,hkg,"Hong Kong, China",2015,109,2298,0,2407,0,2407,33,80,113,113
3911,hkg,"Hong Kong, China",2016,91,0,0,91,0,91,15,112,127,127
3912,hkg,"Hong Kong, China",2017,85,5,0,90,0,90,11,104,115,115
3913,hkg,"Hong Kong, China",2018,128,0,0,128,0,128,11,22,33,33
3914,hkg,"Hong Kong, China",2019,128,0,0,128,0,128,5,222,227,227
3915,hkg,"Hong Kong, China",2020,245,0,0,245,0,245,15,487,502,502
3916,hkg,"Hong Kong, China",2021,271,0,0,271,0,271,96,816,912,912
3917,hkg,"Hong Kong, China",2022,285,0,0,285,0,285,177,985,1162,1162
3918,hkg,"Hong Kong, China",2023,301,0,0,301,0,301,350,683,1033,1033
3919,hkg,"Hong Kong, China",2024,260,0,0,260,0,260,240,855,1095,1095
3920,hun,Hungary,1965,0,0,0,0,0,0,3270,0,3270,3270
3921,hun,Hungary,1966,0,0,0,0,0,0,3270,0,3270,3270
3922,hun,Hungary,1967,0,0,0,0,0,0,3270,0,3270,3270
3923,hun,Hungary,1968,0,0,0,0,0,0,3270,0,3270,3270
3924,hun,Hungary,1969,0,0,0,0,0,0,3360,0,3360,3360
3925,hun,Hungary,1970,0,0,0,0,0,0,3490,0,3490,3490
3926,hun,Hungary,1971,0,0,0,0,0,0,220,0,220,220
3927,hun,Hungary,1972,0,0,0,0,0,0,210,0,210,210
3928,hun,Hungary,1973,0,0,0,0,0,0,170,0,170,170
3929,hun,Hungary,1974,0,0,0,0,0,0,150,0,150,150
3930,hun,Hungary,1975,0,0,0,0,0,0,140,0,140,140
3931,hun,Hungary,1976,0,0,0,0,0,0,50,0,50,50
3932,hun,Hungary,1977,0,0,0,0,0,0,0,0,0,0
3933,hun,Hungary,1978,0,0,0,0,0,0,120,0,120,120
3934,hun,Hungary,1979,0,0,0,0,0,0,0,0,0,0
3935,hun,Hungary,1980,0,0,0,0,0,0,763,0,763,763
3936,hun,Hungary,1981,0,0,0,0,0,0,744,0,744,744
3937,hun,Hungary,1982,0,0,0,0,0,0,728,0,728,728
3938,hun,Hungary,1983,0,0,0,0,0,0,607,0,607,607
3939,hun,Hungary,1984,0,0,0,0,0,0,430,0,430,430
3940,hun,Hungary,1985,0,0,0,0,0,0,435,0,435,435
3941,hun,Hungary,1986,0,0,0,0,0,0,381,0,381,381
3942,hun,Hungary,1987,0,0,0,0,0,0,329,0,329,329
3943,hun,Hungary,1988,0,0,0,0,0,0,3887,0,3887,3887
3944,hun,Hungary,1989,27000,0,0,27000,0,27000,4359,0,4359,4359
3945,hun,Hungary,1990,45123,0,0,45123,0,45123,5767,0,5767,5767
3946,hun,Hungary,1991,73838,0,0,73838,0,73838,4734,0,4734,4734
3947,hun,Hungary,1992,32412,0,0,32412,0,32412,3994,0,3994,3994
3948,hun,Hungary,1993,3019,0,0,3019,0,3019,5014,0,5014,5014
3949,hun,Hungary,1994,2904,0,0,2904,0,2904,4468,0,4468,4468
3950,hun,Hungary,1995,11394,0,0,11394,0,11394,2349,0,2349,2349
3951,hun,Hungary,1996,7537,0,0,7537,0,7537,3082,0,3082,3082
3952,hun,Hungary,1997,5890,0,0,5890,0,5890,2670,0,2670,2670
3953,hun,Hungary,1998,3504,0,0,3504,0,3504,1243,0,1243,1243
3954,hun,Hungary,1999,4980,0,0,4980,0,4980,797,0,797,797
3955,hun,Hungary,2000,5053,1627,0,6680,0,6680,512,1959,2471,2471
3956,hun,Hungary,2001,4700,2387,0,7087,0,7087,949,4152,5101,5101
3957,hun,Hungary,2002,6075,1049,0,7124,0,7124,3515,3119,6634,6634
3958,hun,Hungary,2003,7013,758,0,7771,0,7771,3394,1005,4399,4399
3959,hun,Hungary,2004,7702,340,0,8042,0,8042,2747,597,3344,3344
3960,hun,Hungary,2005,8040,665,0,8705,0,8705,3516,254,3770,3770
3961,hun,Hungary,2006,8068,513,0,8581,0,8581,3117,200,3317,3317
3962,hun,Hungary,2007,8124,1559,0,9683,0,9683,3384,89,3473,3473
3963,hun,Hungary,2008,7740,2514,0,10254,0,10254,1612,287,1899,1899
3964,hun,Hungary,2009,6041,641,0,6682,0,6682,1535,2452,3987,3987
3965,hun,Hungary,2010,5400,354,0,5754,0,5754,1435,3548,4983,4983
3966,hun,Hungary,2011,5085,360,0,5445,0,5445,1234,6006,7240,7240
3967,hun,Hungary,2012,4034,386,0,4420,0,4420,1085,3731,4816,4816
3968,hun,Hungary,2013,2422,1876,0,4298,0,4298,1218,1956,3179,3179
3969,hun,Hungary,2014,2854,15664,0,18518,0,18518,1264,337,1606,1606
3970,hun,Hungary,2015,4383,36671,0,41054,0,41054,1447,703,2155,2155
3971,hun,Hungary,2016,4736,3396,0,8132,0,8132,2909,1661,4575,4575
3972,hun,Hungary,2017,5671,666,0,6337,0,6337,3336,1656,4997,4997
3973,hun,Hungary,2018,6019,120,0,6139,0,6139,3927,804,4731,4731
3974,hun,Hungary,2019,5750,222,0,5972,0,5972,4007,671,4683,4683
3975,hun,Hungary,2020,5838,38,0,5876,0,5876,4617,602,5219,5219
3976,hun,Hungary,2021,5676,5,0,5681,0,5681,4653,608,5261,5261
3977,hun,Hungary,2022,35370,20,0,35390,0,35390,1953,1327,3280,3280
3978,hun,Hungary,2023,63180,5,6,63191,0,63191,2147,1249,3396,3396
3979,hun,Hungary,2024,72359,0,39,72398,0,72398,1984,1586,3570,3570
3980,isl,Iceland,1990,85,0,0,85,0,85,0,0,0,0
3981,isl,Iceland,1991,141,0,0,141,0,141,0,0,0,0
3982,isl,Iceland,1992,154,0,0,154,0,154,0,0,0,0
3983,isl,Iceland,1993,160,0,0,160,0,160,0,0,0,0
3984,isl,Iceland,1994,160,0,0,160,0,160,0,0,0,0
3985,isl,Iceland,1995,197,0,0,197,0,197,0,0,0,0
3986,isl,Iceland,1996,232,0,0,232,0,232,5,0,5,5
3987,isl,Iceland,1997,252,0,0,252,0,252,5,0,5,5
3988,isl,Iceland,1998,286,0,0,286,0,286,5,0,5,5
3989,isl,Iceland,1999,245,0,0,245,0,245,5,0,5,5
3990,isl,Iceland,2000,235,5,0,240,0,240,5,0,5,5
3991,isl,Iceland,2001,204,15,0,219,0,219,0,0,0,0
3992,isl,Iceland,2002,197,13,0,210,0,210,13,0,13,13
3993,isl,Iceland,2003,226,0,0,226,0,226,11,5,16,16
3994,isl,Iceland,2004,226,5,0,231,0,231,8,6,14,14
3995,isl,Iceland,2005,284,10,0,294,0,294,10,0,10,10
3996,isl,Iceland,2006,254,11,0,265,0,265,32,0,32,32
3997,isl,Iceland,2007,41,12,0,53,0,53,10,0,10,10
3998,isl,Iceland,2008,39,25,0,64,0,64,10,0,10,10
3999,isl,Iceland,2009,58,5,0,63,0,63,5,0,5,5
4000,isl,Iceland,2010,72,25,0,97,0,97,5,0,5,5
4001,isl,Iceland,2011,55,56,0,111,0,111,0,0,0,0
4002,isl,Iceland,2012,55,87,0,142,0,142,0,0,0,0
4003,isl,Iceland,2013,72,267,0,339,0,339,0,5,5,5
4004,isl,Iceland,2014,93,210,0,303,0,303,0,5,5,5
4005,isl,Iceland,2015,170,159,0,329,0,329,0,5,5,5
4006,isl,Iceland,2016,245,324,0,569,0,569,0,5,5,5
4007,isl,Iceland,2017,361,327,0,688,0,688,5,0,5,5
4008,isl,Iceland,2018,549,437,0,986,0,986,5,5,10,10
4009,isl,Iceland,2019,894,365,0,1259,0,1259,5,5,10,10
4010,isl,Iceland,2020,1460,181,0,1641,0,1641,5,0,5,5
4011,isl,Iceland,2021,1830,306,0,2136,0,2136,5,7,12,12
4012,isl,Iceland,2022,5240,981,0,6221,0,6221,0,13,13,13
4013,isl,Iceland,2023,8715,2850,0,11565,0,11565,0,5,5,5
4014,isl,Iceland,2024,7879,1081,0,8960,0,8960,0,5,5,5
4015,ind,India,1964,44000,0,0,44000,0,44000,0,0,0,0
4016,ind,India,1965,45000,0,0,45000,0,45000,0,0,0,0
4017,ind,India,1966,45000,0,0,45000,0,45000,0,0,0,0
4018,ind,India,1967,50000,0,0,50000,0,50000,0,0,0,0
4019,ind,India,1968,55000,0,0,55000,0,55000,0,0,0,0
4020,ind,India,1969,56150,0,0,56150,0,56150,0,0,0,0
4021,ind,India,1970,56500,0,0,56500,0,56500,0,0,0,0
4022,ind,India,1971,56180,0,0,56180,0,56180,0,0,0,0
4023,ind,India,1972,57680,0,0,57680,0,57680,0,0,0,0
4024,ind,India,1973,58840,0,0,58840,0,58840,0,0,0,0
4025,ind,India,1974,59900,0,0,59900,0,59900,0,0,0,0
4026,ind,India,1975,0,0,0,0,0,0,0,0,0,0
4027,ind,India,1976,0,0,0,0,0,0,0,0,0,0
4028,ind,India,1977,0,0,0,0,0,0,0,0,0,0
4029,ind,India,1978,0,0,0,0,0,0,0,0,0,0
4030,ind,India,1979,0,0,0,0,0,0,0,0,0,0
4031,ind,India,1980,0,0,0,0,0,0,0,0,0,0
4032,ind,India,1981,3510,0,0,3510,0,3510,0,0,0,0
4033,ind,India,1982,5010,0,0,5010,0,5010,0,0,0,0
4034,ind,India,1983,6930,0,0,6930,0,6930,0,0,0,0
4035,ind,India,1984,7200,0,0,7200,0,7200,0,0,0,0
4036,ind,India,1985,6720,0,0,6720,0,6720,0,0,0,0
4037,ind,India,1986,6440,0,0,6440,0,6440,0,0,0,0
4038,ind,India,1987,6720,0,0,6720,0,6720,0,0,0,0
4039,ind,India,1988,6645,0,0,6645,0,6645,10,0,10,10
4040,ind,India,1989,9549,0,0,9549,0,9549,13,0,13,13
4041,ind,India,1990,212743,0,0,212743,0,212743,197,0,197,197
4042,ind,India,1991,210569,0,0,210569,0,210569,406,0,406,406
4043,ind,India,1992,258372,0,0,258372,0,258372,1021,0,1021,1021
4044,ind,India,1993,262802,0,0,262802,0,262802,1491,0,1491,1491
4045,ind,India,1994,258342,0,0,258342,0,258342,3266,0,3266,3266
4046,ind,India,1995,227481,0,0,227481,0,227481,5011,0,5011,5011
4047,ind,India,1996,233371,0,0,233371,0,233371,7546,0,7546,7546
4048,ind,India,1997,223072,0,0,223072,0,223072,8918,0,8918,8918
4049,ind,India,1998,185516,0,0,185516,0,185516,9663,0,9668,9668
4050,ind,India,1999,180031,0,0,180031,0,180031,9846,0,9846,9846
4051,ind,India,2000,170940,58,0,170998,0,170998,11397,9786,21183,21183
4052,ind,India,2001,169548,204,0,169752,0,169752,11560,9748,21308,21308
4053,ind,India,2002,168853,493,0,169346,0,169346,14349,11060,25409,25409
4054,ind,India,2003,164754,530,0,165284,0,165284,13703,11456,25159,25159
4055,ind,India,2004,162683,304,0,162987,0,162987,13335,11708,25043,25043
4056,ind,India,2005,139284,296,0,139580,0,139580,16275,12169,28444,28444
4057,ind,India,2006,158358,671,0,159029,0,159029,17797,6745,24542,24542
4058,ind,India,2007,161534,2415,0,163949,0,163949,20455,7077,27532,27532
4059,ind,India,2008,184539,3774,0,188313,0,188313,19551,6867,26418,26418
4060,ind,India,2009,185318,5436,0,190754,0,190754,19496,4709,24205,24205
4061,ind,India,2010,184814,3741,0,188555,0,188555,17766,3856,22050,22050
4062,ind,India,2011,185118,3508,0,188626,0,188626,16226,4347,20986,20986
4063,ind,India,2012,185644,3549,0,189193,0,189193,14245,6654,21345,21345
4064,ind,India,2013,188391,3669,0,192060,0,192060,11032,12471,23914,23914
4065,ind,India,2014,199931,5057,0,204988,0,204988,10431,16698,27510,27510
4066,ind,India,2015,201379,6476,0,207855,0,207855,9882,24874,35134,35134
4067,ind,India,2016,197848,9209,0,207057,0,207057,7288,27939,35491,35491
4068,ind,India,2017,197142,10508,0,207650,0,207650,7926,40356,48517,48517
4069,ind,India,2018,195887,11938,0,207825,0,207825,9586,51802,61602,61602
4070,ind,India,2019,195103,12202,0,207305,0,207305,11787,65965,78046,78046
4071,ind,India,2020,195373,11217,0,206590,0,206590,12398,69959,82626,82626
4072,ind,India,2021,212413,13368,0,225781,0,225781,14230,78360,92845,92845
4073,ind,India,2022,242835,15794,0,258629,0,258629,20828,100389,121713,121713
4074,ind,India,2023,252867,11926,0,264793,0,264793,25319,142607,168166,168166
4075,ind,India,2024,236763,13243,0,250006,0,250006,39303,202933,242491,242491
4076,idn,Indonesia,1978,2240,0,0,2240,0,2240,1000,0,1000,1000
4077,idn,Indonesia,1979,32330,0,0,32330,0,32330,1000,0,1000,1000
4078,idn,Indonesia,1980,8460,0,0,8460,0,8460,1000,0,1000,1000
4079,idn,Indonesia,1981,14900,0,0,14900,0,14900,150,0,150,150
4080,idn,Indonesia,1982,13220,0,0,13220,0,13220,2200,0,2200,2200
4081,idn,Indonesia,1983,10070,0,0,10070,0,10070,1230,0,1230,1230
4082,idn,Indonesia,1984,9500,0,0,9500,0,9500,11020,0,11020,11020
4083,idn,Indonesia,1985,8230,0,0,8230,0,8230,11800,0,11800,11800
4084,idn,Indonesia,1986,4020,0,0,4020,0,4020,11340,0,11340,11340
4085,idn,Indonesia,1987,2450,0,0,2450,0,2450,9680,0,9680,9680
4086,idn,Indonesia,1988,2434,0,0,2434,0,2434,9301,0,9301,9301
4087,idn,Indonesia,1989,999,0,0,999,0,999,7775,0,7775,7775
4088,idn,Indonesia,1990,3278,0,0,3278,0,3278,7168,0,7168,7168
4089,idn,Indonesia,1991,3157,0,0,3157,0,3157,6164,0,6164,6164
4090,idn,Indonesia,1992,3530,0,0,3530,0,3530,6829,0,6829,6829
4091,idn,Indonesia,1993,2402,0,0,2402,0,2402,7925,0,7925,7925
4092,idn,Indonesia,1994,97,0,0,97,0,97,8727,0,8727,8727
4093,idn,Indonesia,1995,19,0,0,19,0,19,9836,0,9836,9836
4094,idn,Indonesia,1996,61,0,0,61,0,61,11365,0,11365,11365
4095,idn,Indonesia,1997,29,0,0,29,0,29,8800,0,8800,8800
4096,idn,Indonesia,1998,51,0,0,51,0,51,9054,0,9054,9054
4097,idn,Indonesia,1999,162492,0,0,162492,0,162492,9023,0,9023,9023
4098,idn,Indonesia,2000,122611,367,0,122978,0,122978,9152,3618,12770,12770
4099,idn,Indonesia,2001,73542,793,0,74335,0,74335,8972,4600,13572,13572
4100,idn,Indonesia,2002,28593,228,0,28821,0,28821,9907,5316,15223,15223
4101,idn,Indonesia,2003,230,56,16697,16983,0,16983,16240,7518,39934,39934
4102,idn,Indonesia,2004,164,43,16395,16602,0,16602,27919,5771,49866,49866
4103,idn,Indonesia,2005,82,43,244,369,0,369,34383,4492,39099,39099
4104,idn,Indonesia,2006,291,259,0,550,0,550,34722,3267,37989,37989
4105,idn,Indonesia,2007,306,199,0,505,0,505,20549,2353,22902,22902
4106,idn,Indonesia,2008,360,346,5,711,0,711,19339,2221,21560,21560
4107,idn,Indonesia,2009,794,1760,0,2554,0,2554,18207,2002,20209,20209
4108,idn,Indonesia,2010,808,2058,0,2866,0,2866,16882,451,17333,17333
4109,idn,Indonesia,2011,1004,3226,0,4230,0,4230,16069,376,16445,16445
4110,idn,Indonesia,2012,1811,6107,0,7918,0,7918,15514,498,16012,16012
4111,idn,Indonesia,2013,3195,7087,0,10282,0,10282,14775,1117,15892,15892
4112,idn,Indonesia,2014,4267,6904,0,11171,0,11171,14393,1765,16158,16158
4113,idn,Indonesia,2015,5954,7566,0,13520,0,13520,13947,2637,16584,16584
4114,idn,Indonesia,2016,7824,6558,0,14382,0,14382,13056,3581,16637,16637
4115,idn,Indonesia,2017,9782,4016,0,13798,0,13798,12485,5384,17869,17869
4116,idn,Indonesia,2018,10786,3196,0,13982,0,13982,12148,3395,15543,15543
4117,idn,Indonesia,2019,10287,3343,0,13630,0,13630,12039,4323,16362,16362
4118,idn,Indonesia,2020,10114,3597,170,13881,0,13881,13029,4940,18139,18139
4119,idn,Indonesia,2021,9982,3116,170,13268,0,13268,13962,5872,20110,20110
4120,idn,Indonesia,2022,9785,2889,177,12851,0,12851,11761,10017,22921,22921
4121,idn,Indonesia,2023,8450,3793,176,12419,0,12419,11756,13311,26057,26057
4122,idn,Indonesia,2024,7799,4165,238,12202,0,12202,9172,18198,28474,28474
4123,irn,Iran,1962,2000,0,0,2000,0,2000,0,0,0,0
4124,irn,Iran,1963,1500,0,0,1500,0,1500,0,0,0,0
4125,irn,Iran,1964,0,0,0,0,0,0,0,0,0,0
4126,irn,Iran,1965,0,0,0,0,0,0,0,0,0,0
4127,irn,Iran,1966,0,0,0,0,0,0,0,0,0,0
4128,irn,Iran,1967,0,0,0,0,0,0,0,0,0,0
4129,irn,Iran,1968,300,0,0,300,0,300,0,0,0,0
4130,irn,Iran,1969,300,0,0,300,0,300,0,0,0,0
4131,irn,Iran,1970,0,0,0,0,0,0,0,0,0,0
4132,irn,Iran,1971,0,0,0,0,0,0,0,0,0,0
4133,irn,Iran,1972,0,0,0,0,0,0,0,0,0,0
4134,irn,Iran,1973,0,0,0,0,0,0,0,0,0,0
4135,irn,Iran,1974,0,0,0,0,0,0,0,0,0,0
4136,irn,Iran,1975,0,0,0,0,0,0,0,0,0,0
4137,irn,Iran,1976,0,0,0,0,0,0,0,0,0,0
4138,irn,Iran,1977,0,0,0,0,0,0,0,0,0,0
4139,irn,Iran,1978,0,0,0,0,0,0,0,0,0,0
4140,irn,Iran,1979,130100,0,0,130100,0,130100,0,0,0,0
4141,irn,Iran,1980,330000,0,0,330000,0,330000,48,0,48,48
4142,irn,Iran,1981,1565000,0,0,1565000,0,1565000,803,0,803,803
4143,irn,Iran,1982,1700060,0,0,1700060,0,1700060,2480,0,2480,2480
4144,irn,Iran,1983,1900060,0,0,1900060,0,1900060,5577,0,5577,5577
4145,irn,Iran,1984,2000000,0,0,2000000,0,2000000,5244,0,5244,5244
4146,irn,Iran,1985,2300000,0,0,2300000,0,2300000,88245,0,88245,88245
4147,irn,Iran,1986,2590000,0,0,2590000,0,2590000,87921,0,87921,87921
4148,irn,Iran,1987,2760000,0,0,2760000,0,2760000,10992,0,10992,10992
4149,irn,Iran,1988,2850000,0,0,2850000,0,2850000,58259,0,58259,58259
4150,irn,Iran,1989,2850000,0,0,2850000,0,2850000,52798,0,52798,52798
4151,irn,Iran,1990,4174401,0,0,4174401,0,4174401,75889,0,75889,75889
4152,irn,Iran,1991,4404995,0,0,4404995,0,4404995,130366,0,130366,130366
4153,irn,Iran,1992,4150723,0,0,4150723,0,4150723,128781,0,128781,128781
4154,irn,Iran,1993,2495038,0,0,2495038,0,2495038,115516,0,115516,115516
4155,irn,Iran,1994,2236350,0,0,2236350,0,2236350,121288,0,121288,121288
4156,irn,Iran,1995,2071988,0,0,2071988,0,2071988,112360,0,112360,112360
4157,irn,Iran,1996,2030359,0,0,2030359,0,2030359,104122,0,104122,104122
4158,irn,Iran,1997,1982553,0,0,1982553,0,1982553,93986,0,93986,93986
4159,irn,Iran,1998,1931332,0,0,1931332,0,1931332,89967,0,90026,90026
4160,irn,Iran,1999,1835688,0,0,1835688,0,1835688,86845,0,86845,86845
4161,irn,Iran,2000,1868000,12228,0,1880228,0,1880228,88266,20622,108888,108888
4162,irn,Iran,2001,1868000,0,0,1868000,0,1868000,92490,14138,106628,106628
4163,irn,Iran,2002,1306599,5,0,1306604,0,1306604,138362,13180,151542,151542
4164,irn,Iran,2003,984895,0,0,984895,0,984895,122530,11359,133889,133889
4165,irn,Iran,2004,1045975,48,0,1046023,0,1046023,115171,9519,124690,124690
4166,irn,Iran,2005,974301,138,0,974439,0,974439,99430,12879,112309,112309
4167,irn,Iran,2006,968368,1017,0,969385,0,969385,102479,13707,116186,116186
4168,irn,Iran,2007,963544,1184,0,964728,0,964728,68398,10374,78772,78772
4169,irn,Iran,2008,980104,1705,0,981809,0,981809,69051,11148,80199,80199
4170,irn,Iran,2009,1070483,1851,0,1072334,0,1072334,72771,13734,86505,86505
4171,irn,Iran,2010,1073363,1767,0,1075130,0,1075130,68785,16055,84840,84840
4172,irn,Iran,2011,886465,442,0,886907,0,886907,72366,18450,90816,90816
4173,irn,Iran,2012,868239,18,0,868257,0,868257,75932,24043,99975,99975
4174,irn,Iran,2013,857352,46,0,857398,0,857398,75061,28780,103869,103869
4175,irn,Iran,2014,982025,42,0,982067,0,982067,82202,34884,117111,117111
4176,irn,Iran,2015,979435,42,0,979477,0,979477,84950,57081,142039,142039
4177,irn,Iran,2016,979435,91,0,979526,0,979526,94102,87535,181910,181910
4178,irn,Iran,2017,979435,84,0,979519,0,979519,118639,75079,196447,196447
4179,irn,Iran,2018,979435,33,0,979468,0,979468,129941,87367,217395,217395
4180,irn,Iran,2019,979435,33,0,979468,0,979468,128998,86093,215496,215496
4181,irn,Iran,2020,800025,34,0,800059,0,800059,135018,77229,212779,212779
4182,irn,Iran,2021,798343,34,3676,802053,0,802053,142994,68940,212221,212221
4183,irn,Iran,2022,3425091,34,0,3425125,0,3425125,122764,69237,192059,192059
4184,irn,Iran,2023,3764517,0,0,3764517,0,3764517,151757,63959,215795,215795
4185,irn,Iran,2024,3489257,0,0,3489257,0,3489257,158171,61176,219435,219435
4186,irq,Iraq,1968,0,0,0,0,0,0,2700,0,2700,2700
4187,irq,Iraq,1969,0,0,0,0,0,0,2700,0,2700,2700
4188,irq,Iraq,1970,0,0,0,0,0,0,0,0,0,0
4189,irq,Iraq,1971,0,0,0,0,0,0,0,0,0,0
4190,irq,Iraq,1972,0,0,0,0,0,0,0,0,0,0
4191,irq,Iraq,1973,0,0,0,0,0,0,0,0,0,0
4192,irq,Iraq,1974,0,0,0,0,0,0,0,0,0,0
4193,irq,Iraq,1975,0,0,0,0,0,0,0,0,0,0
4194,irq,Iraq,1976,0,0,0,0,0,0,0,0,0,0
4195,irq,Iraq,1977,0,0,0,0,0,0,0,0,0,0
4196,irq,Iraq,1978,0,0,0,0,0,0,560,0,560,560
4197,irq,Iraq,1979,400,0,0,400,0,400,31000,0,31000,31000
4198,irq,Iraq,1980,400,0,0,400,0,400,31098,0,31098,31098
4199,irq,Iraq,1981,1200,0,0,1200,0,1200,66589,0,66589,66589
4200,irq,Iraq,1982,1200,0,0,1200,0,1200,103766,0,103766,103766
4201,irq,Iraq,1983,1200,0,0,1200,0,1200,103721,0,103721,103721
4202,irq,Iraq,1984,1200,0,0,1200,0,1200,101724,0,101724,101724
4203,irq,Iraq,1985,83200,0,0,83200,0,83200,401503,0,401503,401503
4204,irq,Iraq,1986,111000,0,0,111000,0,111000,400745,0,400745,400745
4205,irq,Iraq,1987,1000,0,0,1000,0,1000,410818,0,410818,410818
4206,irq,Iraq,1988,0,0,0,0,0,0,508468,0,508468,508468
4207,irq,Iraq,1989,0,0,0,0,0,0,507986,0,507986,507986
4208,irq,Iraq,1990,900,0,0,900,0,900,1133805,0,1133805,1133805
4209,irq,Iraq,1991,87990,0,0,87990,0,87990,1321853,0,1321853,1321853
4210,irq,Iraq,1992,115000,0,0,115000,0,115000,1343824,0,1343824,1343824
4211,irq,Iraq,1993,109066,0,0,109066,0,109066,771074,0,771074,771074
4212,irq,Iraq,1994,119581,0,0,119581,0,119581,749833,0,749833,749833
4213,irq,Iraq,1995,116722,0,0,116722,0,116722,718717,0,718717,718717
4214,irq,Iraq,1996,112957,0,0,112957,32000,144957,714727,0,714727,746727
4215,irq,Iraq,1997,104032,0,0,104032,35055,139087,707342,0,750342,785397
4216,irq,Iraq,1998,104022,0,0,104022,0,104022,675030,0,690077,690077
4217,irq,Iraq,1999,128913,0,0,128913,0,128913,642875,0,659496,659496
4218,irq,Iraq,2000,127787,945,0,128732,0,128732,526165,40630,579795,579795
4219,irq,Iraq,2001,128142,394,0,128536,0,128536,530508,34826,578334,578334
4220,irq,Iraq,2002,134190,437,0,134627,0,134627,422504,29641,465145,465145
4221,irq,Iraq,2003,46721,437,0,47158,0,47158,368577,31591,418644,418644
4222,irq,Iraq,2004,46053,1353,0,47406,0,47406,311889,30619,358647,358647
4223,irq,Iraq,2005,50177,1948,0,52125,1200000,1252125,262302,34438,313013,1513013
4224,irq,Iraq,2006,44406,2180,0,46586,1834368,1880954,1450908,47294,1514325,3348693
4225,irq,Iraq,2007,42352,2413,0,44765,2385865,2430630,2309246,27667,2336933,4722798
4226,irq,Iraq,2008,39503,2059,0,41562,2647251,2688813,1903516,25654,1936938,4584189
4227,irq,Iraq,2009,35213,3794,0,39007,1552003,1591010,1785215,22372,1814291,3366294
4228,irq,Iraq,2010,34647,3072,0,37719,1343568,1381287,1683576,29939,1720224,3063792
4229,irq,Iraq,2011,35184,4195,0,39379,1332382,1371761,1428306,24485,1460004,2792386
4230,irq,Iraq,2012,98818,4908,0,103726,1131810,1235536,746204,24239,770443,1902253
4231,irq,Iraq,2013,246294,5991,0,252285,954128,1206413,401461,43145,444623,1398751
4232,irq,Iraq,2014,271137,8468,15,279620,3596356,3875976,369960,103724,476991,4073347
4233,irq,Iraq,2015,277702,7414,27,285143,4403287,4688430,264086,237168,504852,4908139
4234,irq,Iraq,2016,261863,11488,3161,276512,3604285,3880797,316056,278367,610201,4214486
4235,irq,Iraq,2017,277668,13035,0,290703,2615988,2906691,362536,272627,646390,3262378
4236,irq,Iraq,2018,283018,14013,6,297037,1802832,2099869,372332,256716,636949,2439781
4237,irq,Iraq,2019,273986,12938,10,286934,1414632,1701566,336274,302731,670765,2085397
4238,irq,Iraq,2020,270377,12670,5,283052,1224108,1507160,333200,272567,637025,1861133
4239,irq,Iraq,2021,280072,11508,730,292310,1186556,1478866,343899,254454,628809,1815365
4240,irq,Iraq,2022,273716,10621,2012,286349,1168619,1454968,287446,228961,545212,1713831
4241,irq,Iraq,2023,286480,12586,2538,301604,1123663,1425267,329032,192202,523266,1646929
4242,irq,Iraq,2024,318461,16882,2774,338117,1031475,1369592,305504,151623,477071,1508546
4243,irl,Ireland,1984,500,0,0,500,0,500,0,0,0,0
4244,irl,Ireland,1985,600,0,0,600,0,600,0,0,0,0
4245,irl,Ireland,1986,600,0,0,600,0,600,0,0,0,0
4246,irl,Ireland,1987,540,0,0,540,0,540,0,0,0,0
4247,irl,Ireland,1988,480,0,0,480,0,480,0,0,0,0
4248,irl,Ireland,1989,420,0,0,420,0,420,0,0,0,0
4249,irl,Ireland,1990,360,0,0,360,0,360,0,0,0,0
4250,irl,Ireland,1991,300,0,0,300,0,300,0,0,0,0
4251,irl,Ireland,1992,500,0,0,500,0,500,0,0,0,0
4252,irl,Ireland,1993,119,0,0,119,0,119,0,0,0,0
4253,irl,Ireland,1994,400,0,0,400,0,400,5,0,5,5
4254,irl,Ireland,1995,400,0,0,400,0,400,0,0,0,0
4255,irl,Ireland,1996,69,0,0,69,0,69,0,0,0,0
4256,irl,Ireland,1997,430,0,0,430,0,430,0,0,0,0
4257,irl,Ireland,1998,600,0,0,600,0,600,0,0,0,0
4258,irl,Ireland,1999,2829,0,0,2829,0,2829,0,0,0,0
4259,irl,Ireland,2000,2530,12067,0,14597,0,14597,5,0,5,5
4260,irl,Ireland,2001,3585,10841,0,14426,0,14426,5,0,5,5
4261,irl,Ireland,2002,5366,6967,0,12333,0,12333,5,0,5,5
4262,irl,Ireland,2003,5971,7366,0,13337,0,13337,6,10,16,16
4263,irl,Ireland,2004,6530,3667,0,10197,0,10197,5,5,10,10
4264,irl,Ireland,2005,7103,2414,0,9517,0,9517,23,0,23,23
4265,irl,Ireland,2006,7904,3406,0,11310,0,11310,5,0,5,5
4266,irl,Ireland,2007,9318,4364,0,13682,0,13682,9,0,9,9
4267,irl,Ireland,2008,9714,4583,0,14297,0,14297,7,0,7,7
4268,irl,Ireland,2009,9561,2725,0,12286,0,12286,7,5,12,12
4269,irl,Ireland,2010,9099,5088,0,14187,0,14187,7,0,7,7
4270,irl,Ireland,2011,8234,5380,0,13614,0,13614,7,5,12,12
4271,irl,Ireland,2012,6309,5423,0,11732,0,11732,7,10,17,17
4272,irl,Ireland,2013,5991,5464,0,11455,0,11455,7,32,39,39
4273,irl,Ireland,2014,5832,4576,0,10408,0,10408,7,82,89,89
4274,irl,Ireland,2015,6108,4982,0,11090,0,11090,5,36,41,41
4275,irl,Ireland,2016,5720,4221,0,9941,0,9941,0,42,42,42
4276,irl,Ireland,2017,6394,5991,0,12385,0,12385,0,52,52,52
4277,irl,Ireland,2018,6012,7159,0,13171,0,13171,0,59,59,59
4278,irl,Ireland,2019,7795,7853,99,15747,0,15747,0,90,90,90
4279,irl,Ireland,2020,9035,7393,99,16527,0,16527,0,94,94,94
4280,irl,Ireland,2021,9571,6904,0,16475,0,16475,5,141,146,146
4281,irl,Ireland,2022,81256,15108,0,96364,0,96364,13,189,202,202
4282,irl,Ireland,2023,113902,22250,0,136152,0,136152,0,219,219,219
4283,irl,Ireland,2024,124730,31711,0,156441,0,156441,68,405,473,473
4284,isr,Israel,1988,0,0,0,0,0,0,5,0,5,5
4285,isr,Israel,1989,0,0,0,0,0,0,5,0,5,5
4286,isr,Israel,1990,0,0,0,0,0,0,14,0,14,14
4287,isr,Israel,1991,0,0,0,0,0,0,28,0,28,28
4288,isr,Israel,1992,0,0,0,0,0,0,37,0,37,37
4289,isr,Israel,1993,0,0,0,0,0,0,114,0,114,114
4290,isr,Israel,1994,0,0,0,0,0,0,888,0,888,888
4291,isr,Israel,1995,0,0,0,0,0,0,937,0,937,937
4292,isr,Israel,1996,0,0,0,0,0,0,1121,0,1121,1121
4293,isr,Israel,1997,0,0,0,0,0,0,988,0,988,988
4294,isr,Israel,1998,22,0,0,22,0,22,832,0,832,832
4295,isr,Israel,1999,123,0,0,123,0,123,473,0,473,473
4296,isr,Israel,2000,4067,326,0,4393,0,4393,414,362,776,776
4297,isr,Israel,2001,4159,552,0,4711,0,4711,361,609,970,970
4298,isr,Israel,2002,4170,688,0,4858,0,4858,561,1023,1584,1584
4299,isr,Israel,2003,4170,703,0,4873,0,4873,626,944,1570,1570
4300,isr,Israel,2004,564,0,0,564,0,564,669,760,1429,1429
4301,isr,Israel,2005,598,908,0,1506,0,1506,624,620,1244,1244
4302,isr,Israel,2006,829,826,0,1655,0,1655,876,939,1815,1815
4303,isr,Israel,2007,1150,5734,0,6884,0,6884,1539,946,2485,2485
4304,isr,Israel,2008,9125,4601,1100,14826,0,14826,1486,1037,2523,2523
4305,isr,Israel,2009,17725,4143,0,21868,0,21868,1298,1054,2352,2352
4306,isr,Israel,2010,25462,5574,0,31036,0,31036,1290,792,2082,2082
4307,isr,Israel,2011,41221,6444,0,47665,0,47665,1323,507,1830,1830
4308,isr,Israel,2012,48490,5682,0,54172,0,54172,1326,416,1742,1742
4309,isr,Israel,2013,48182,4760,0,52942,0,52942,1026,289,1315,1315
4310,isr,Israel,2014,39698,5558,0,45256,0,45256,967,282,1249,1249
4311,isr,Israel,2015,32929,11677,0,44606,0,44606,787,379,1166,1166
4312,isr,Israel,2016,30529,21274,0,51803,0,51803,487,548,1035,1035
4313,isr,Israel,2017,25657,29704,0,55361,0,55361,469,691,1160,1160
4314,isr,Israel,2018,18554,35569,0,54123,0,54123,492,683,1175,1175
4315,isr,Israel,2019,16107,38479,0,54586,0,54586,452,690,1142,1142
4316,isr,Israel,2020,1843,32518,10003,44364,0,44364,373,663,1036,1036
4317,isr,Israel,2021,1191,27083,10871,39145,0,39145,453,807,1260,1260
4318,isr,Israel,2022,1207,25166,41601,67974,0,67974,902,813,1715,1715
4319,isr,Israel,2023,1235,25464,40477,67176,0,67176,855,1232,2087,2087
4320,isr,Israel,2024,1266,26147,33165,60578,0,60578,1307,1659,2966,2966
4321,ita,Italy,1951,26500,0,0,26500,0,26500,0,0,0,0
4322,ita,Italy,1952,25500,0,0,25500,0,25500,0,0,0,0
4323,ita,Italy,1953,24500,0,0,24500,0,24500,0,0,0,0
4324,ita,Italy,1954,21500,0,0,21500,0,21500,0,0,0,0
4325,ita,Italy,1955,18500,0,0,18500,0,18500,0,0,0,0
4326,ita,Italy,1956,21500,0,0,21500,0,21500,0,0,0,0
4327,ita,Italy,1957,21000,0,0,21000,0,21000,0,0,0,0
4328,ita,Italy,1958,21000,0,0,21000,0,21000,0,0,0,0
4329,ita,Italy,1959,18500,0,0,18500,0,18500,0,0,0,0
4330,ita,Italy,1960,15500,0,0,15500,0,15500,0,0,0,0
4331,ita,Italy,1961,14500,0,0,14500,0,14500,0,0,0,0
4332,ita,Italy,1962,14300,0,0,14300,0,14300,0,0,0,0
4333,ita,Italy,1963,14600,0,0,14600,0,14600,0,0,0,0
4334,ita,Italy,1964,14000,0,0,14000,0,14000,0,0,0,0
4335,ita,Italy,1965,15000,0,0,15000,0,15000,0,0,0,0
4336,ita,Italy,1966,14000,0,0,14000,0,14000,0,0,0,0
4337,ita,Italy,1967,13000,0,0,13000,0,13000,0,0,0,0
4338,ita,Italy,1968,13000,0,0,13000,0,13000,0,0,0,0
4339,ita,Italy,1969,14000,0,0,14000,0,14000,0,0,0,0
4340,ita,Italy,1970,13000,0,0,13000,0,13000,0,0,0,0
4341,ita,Italy,1971,12700,0,0,12700,0,12700,0,0,0,0
4342,ita,Italy,1972,12600,0,0,12600,0,12600,0,0,0,0
4343,ita,Italy,1973,12600,0,0,12600,0,12600,0,0,0,0
4344,ita,Italy,1974,13000,0,0,13000,0,13000,0,0,0,0
4345,ita,Italy,1975,11900,0,0,11900,0,11900,0,0,0,0
4346,ita,Italy,1976,11900,0,0,11900,0,11900,0,0,0,0
4347,ita,Italy,1977,11700,0,0,11700,0,11700,0,0,0,0
4348,ita,Italy,1978,11700,0,0,11700,0,11700,0,0,0,0
4349,ita,Italy,1979,14100,0,0,14100,0,14100,0,0,0,0
4350,ita,Italy,1980,21531,0,0,21531,0,21531,0,0,0,0
4351,ita,Italy,1981,22601,0,0,22601,0,22601,0,0,0,0
4352,ita,Italy,1982,22865,0,0,22865,0,22865,0,0,0,0
4353,ita,Italy,1983,22062,0,0,22062,0,22062,0,0,0,0
4354,ita,Italy,1984,21482,0,0,21482,0,21482,0,0,0,0
4355,ita,Italy,1985,22386,0,0,22386,0,22386,0,0,0,0
4356,ita,Italy,1986,21505,0,0,21505,0,21505,0,0,0,0
4357,ita,Italy,1987,20413,0,0,20413,0,20413,0,0,0,0
4358,ita,Italy,1988,19260,0,0,19260,0,19260,0,0,0,0
4359,ita,Italy,1989,13893,0,0,13893,0,13893,0,0,0,0
4360,ita,Italy,1990,10816,0,0,10816,0,10816,0,0,0,0
4361,ita,Italy,1991,9796,0,0,9796,0,9796,0,0,0,0
4362,ita,Italy,1992,9242,0,0,9242,0,9242,0,0,0,0
4363,ita,Italy,1993,50266,0,0,50266,0,50266,0,0,0,0
4364,ita,Italy,1994,73058,0,0,73058,0,73058,145,0,145,145
4365,ita,Italy,1995,74298,0,0,74298,0,74298,120,0,120,120
4366,ita,Italy,1996,64712,0,0,64712,0,64712,109,0,109,109
4367,ita,Italy,1997,66601,0,0,66601,0,66601,112,0,112,112
4368,ita,Italy,1998,5440,0,0,5440,0,5440,76,0,76,76
4369,ita,Italy,1999,6004,0,0,6004,0,6004,49,0,49,49
4370,ita,Italy,2000,6813,113,0,6926,0,6926,46,33,79,79
4371,ita,Italy,2001,8541,0,0,8541,0,8541,36,31,67,67
4372,ita,Italy,2002,10031,0,0,10031,0,10031,223,36,259,259
4373,ita,Italy,2003,12812,0,0,12812,0,12812,208,30,238,238
4374,ita,Italy,2004,15668,0,0,15668,0,15668,192,23,215,215
4375,ita,Italy,2005,20674,0,0,20674,0,20674,219,20,239,239
4376,ita,Italy,2006,26870,0,0,26870,0,26870,106,13,119,119
4377,ita,Italy,2007,38061,1500,0,39561,0,39561,84,10,94,94
4378,ita,Italy,2008,47059,0,0,47059,0,47059,57,30,87,87
4379,ita,Italy,2009,54962,4365,0,59327,0,59327,42,31,73,73
4380,ita,Italy,2010,56402,4070,0,60472,0,60472,45,52,97,97
4381,ita,Italy,2011,58066,13525,0,71591,0,71591,57,32,89,89
4382,ita,Italy,2012,64782,14320,0,79102,0,79102,65,54,119,119
4383,ita,Italy,2013,76248,13635,0,89883,0,89883,64,77,141,141
4384,ita,Italy,2014,93712,45730,0,139442,0,139442,63,110,173,173
4385,ita,Italy,2015,118036,60135,0,178171,0,178171,69,139,208,208
4386,ita,Italy,2016,147362,99896,0,247258,0,247258,49,132,181,181
4387,ita,Italy,2017,167330,186645,0,353975,0,353975,52,282,334,334
4388,ita,Italy,2018,189227,105606,0,294833,0,294833,69,381,450,450
4389,ita,Italy,2019,207602,47030,0,254632,0,254632,76,431,507,507
4390,ita,Italy,2020,128033,53901,0,181934,0,181934,62,471,533,533
4391,ita,Italy,2021,144862,51779,0,196641,0,196641,61,639,700,700
4392,ita,Italy,2022,296181,79979,0,376160,0,376160,151,670,821,821
4393,ita,Italy,2023,298296,146922,0,445218,0,445218,124,1487,1611,1611
4394,ita,Italy,2024,312849,207278,0,520127,0,520127,263,1857,2120,2120
4395,jam,Jamaica,1991,5,0,0,5,0,5,0,0,0,0
4396,jam,Jamaica,1992,90,0,0,90,0,90,0,0,0,0
4397,jam,Jamaica,1993,60,0,0,60,0,60,5,0,5,5
4398,jam,Jamaica,1994,38,0,0,38,0,38,10,0,10,10
4399,jam,Jamaica,1995,21,0,0,21,0,21,11,0,11,11
4400,jam,Jamaica,1996,23,0,0,23,0,23,18,0,18,18
4401,jam,Jamaica,1997,31,0,0,31,0,31,21,0,21,21
4402,jam,Jamaica,1998,33,0,0,33,0,33,26,0,26,26
4403,jam,Jamaica,1999,33,0,0,33,0,33,33,0,33,33
4404,jam,Jamaica,2000,33,0,0,33,0,33,37,173,210,210
4405,jam,Jamaica,2001,0,0,0,0,0,0,37,281,318,318
4406,jam,Jamaica,2002,0,0,0,0,0,0,147,479,626,626
4407,jam,Jamaica,2003,0,0,0,0,0,0,260,410,670,670
4408,jam,Jamaica,2004,0,0,0,0,0,0,350,285,635,635
4409,jam,Jamaica,2005,0,0,0,0,0,0,489,288,777,777
4410,jam,Jamaica,2006,0,0,0,0,0,0,661,270,931,931
4411,jam,Jamaica,2007,0,0,0,0,0,0,766,236,1002,1002
4412,jam,Jamaica,2008,0,0,0,0,0,0,825,401,1226,1226
4413,jam,Jamaica,2009,24,0,0,24,0,24,908,574,1482,1482
4414,jam,Jamaica,2010,19,0,0,19,0,19,1055,554,1609,1609
4415,jam,Jamaica,2011,19,0,0,19,0,19,1248,579,1827,1827
4416,jam,Jamaica,2012,19,0,0,19,0,19,1404,497,1901,1901
4417,jam,Jamaica,2013,18,0,0,18,0,18,1501,630,2131,2131
4418,jam,Jamaica,2014,23,0,0,23,0,23,1682,597,2279,2279
4419,jam,Jamaica,2015,13,0,0,13,0,13,1857,839,2696,2696
4420,jam,Jamaica,2016,13,8,0,21,0,21,1998,1134,3132,3132
4421,jam,Jamaica,2017,13,8,0,21,0,21,2224,1430,3654,3654
4422,jam,Jamaica,2018,13,21,0,34,0,34,2448,1495,3943,3943
4423,jam,Jamaica,2019,0,5,0,5,0,5,2529,1798,4327,4327
4424,jam,Jamaica,2020,27,5,0,32,0,32,2526,1902,4428,4428
4425,jam,Jamaica,2021,31,5,0,36,0,36,2419,2305,4724,4724
4426,jam,Jamaica,2022,31,0,67,98,0,98,1858,3345,5203,5203
4427,jam,Jamaica,2023,0,0,0,0,0,0,2128,7064,9192,9192
4428,jam,Jamaica,2024,0,0,0,0,0,0,2552,9460,12012,12012
4429,jpn,Japan,1977,600,0,0,600,0,600,0,0,0,0
4430,jpn,Japan,1978,610,0,0,610,0,610,0,0,0,0
4431,jpn,Japan,1979,1260,0,0,1260,0,1260,0,0,0,0
4432,jpn,Japan,1980,2390,0,0,2390,0,2390,0,0,0,0
4433,jpn,Japan,1981,2520,0,0,2520,0,2520,0,0,0,0
4434,jpn,Japan,1982,4390,0,0,4390,0,4390,0,0,0,0
4435,jpn,Japan,1983,4900,0,0,4900,0,4900,0,0,0,0
4436,jpn,Japan,1984,3967,0,0,3967,0,3967,0,0,0,0
4437,jpn,Japan,1985,4707,0,0,4707,0,4707,0,0,0,0
4438,jpn,Japan,1986,5016,0,0,5016,0,5016,0,0,0,0
4439,jpn,Japan,1987,5601,0,0,5601,0,5601,0,0,0,0
4440,jpn,Japan,1988,6110,0,0,6110,0,6110,0,0,0,0
4441,jpn,Japan,1989,6479,0,0,6479,0,6479,0,0,0,0
4442,jpn,Japan,1990,6819,0,0,6819,0,6819,0,0,0,0
4443,jpn,Japan,1991,6397,0,0,6397,0,6397,0,0,0,0
4444,jpn,Japan,1992,6669,0,0,6669,0,6669,0,0,0,0
4445,jpn,Japan,1993,6495,0,0,6495,0,6495,0,0,0,0
4446,jpn,Japan,1994,5942,0,0,5942,0,5942,7,0,7,7
4447,jpn,Japan,1995,5432,0,0,5432,0,5432,5,0,5,5
4448,jpn,Japan,1996,5278,0,0,5278,0,5278,0,0,0,0
4449,jpn,Japan,1997,4846,0,0,4846,0,4846,0,0,0,0
4450,jpn,Japan,1998,4483,0,0,4483,0,4483,0,0,0,0
4451,jpn,Japan,1999,4233,0,0,4233,0,4233,0,0,0,0
4452,jpn,Japan,2000,3752,282,0,4034,0,4034,5,11,16,16
4453,jpn,Japan,2001,3198,321,0,3519,0,3519,5,23,28,28
4454,jpn,Japan,2002,2658,314,0,2972,0,2972,14,22,36,36
4455,jpn,Japan,2003,2266,424,0,2690,0,2690,17,27,44,44
4456,jpn,Japan,2004,1967,474,0,2441,0,2441,19,70,89,89
4457,jpn,Japan,2005,1940,520,0,2460,0,2460,10,51,61,61
4458,jpn,Japan,2006,1842,1214,0,3056,0,3056,166,32,198,198
4459,jpn,Japan,2007,1792,1502,0,3294,0,3294,519,19,538,538
4460,jpn,Japan,2008,2016,2292,0,4308,0,4308,183,26,209,209
4461,jpn,Japan,2009,2331,2931,0,5262,0,5262,148,28,176,176
4462,jpn,Japan,2010,2583,3023,0,5606,0,5606,149,10,159,159
4463,jpn,Japan,2011,2645,3680,0,6325,0,6325,176,36,212,212
4464,jpn,Japan,2012,2579,4695,0,7274,0,7274,173,37,210,210
4465,jpn,Japan,2013,2586,6730,0,9316,0,9316,154,48,202,202
4466,jpn,Japan,2014,2562,9284,0,11846,0,11846,257,61,318,318
4467,jpn,Japan,2015,2479,13823,0,16302,0,16302,140,68,208,208
4468,jpn,Japan,2016,2512,18801,0,21313,0,21313,53,83,136,136
4469,jpn,Japan,2017,2189,31204,0,33393,0,33393,44,99,143,143
4470,jpn,Japan,2018,1893,29040,0,30933,0,30933,42,114,156,156
4471,jpn,Japan,2019,1463,29123,0,30586,0,30586,39,111,150,150
4472,jpn,Japan,2020,1132,23765,0,24897,0,24897,40,121,161,161
4473,jpn,Japan,2021,1508,16709,0,18217,0,18217,39,134,173,173
4474,jpn,Japan,2022,15451,12473,0,27924,0,27924,64,152,216,216
4475,jpn,Japan,2023,22335,23916,0,46251,0,46251,48,144,192,192
4476,jpn,Japan,2024,29068,31293,0,60361,0,60361,55,165,220,220
4477,jor,Jordan,1971,50,0,0,50,0,50,0,0,0,0
4478,jor,Jordan,1972,50,0,0,50,0,50,0,0,0,0
4479,jor,Jordan,1973,0,0,0,0,0,0,0,0,0,0
4480,jor,Jordan,1974,0,0,0,0,0,0,0,0,0,0
4481,jor,Jordan,1975,0,0,0,0,0,0,0,0,0,0
4482,jor,Jordan,1976,0,0,0,0,0,0,0,0,0,0
4483,jor,Jordan,1977,0,0,0,0,0,0,0,0,0,0
4484,jor,Jordan,1978,80,0,0,80,0,80,0,0,0,0
4485,jor,Jordan,1979,120,0,0,120,0,120,0,0,0,0
4486,jor,Jordan,1980,60,0,0,60,0,60,0,0,0,0
4487,jor,Jordan,1981,80,0,0,80,0,80,0,0,0,0
4488,jor,Jordan,1982,100,0,0,100,0,100,0,0,0,0
4489,jor,Jordan,1983,150,0,0,150,0,150,0,0,0,0
4490,jor,Jordan,1984,400,0,0,400,0,400,5,0,5,5
4491,jor,Jordan,1985,400,0,0,400,0,400,105,0,105,105
4492,jor,Jordan,1986,0,0,0,0,0,0,5,0,5,5
4493,jor,Jordan,1987,0,0,0,0,0,0,5,0,5,5
4494,jor,Jordan,1988,0,0,0,0,0,0,7,0,7,7
4495,jor,Jordan,1989,130,0,0,130,0,130,14,0,14,14
4496,jor,Jordan,1990,640,0,0,640,0,640,56,0,56,56
4497,jor,Jordan,1991,440,0,0,440,0,440,114,0,114,114
4498,jor,Jordan,1992,270,0,0,270,0,270,183,0,183,183
4499,jor,Jordan,1993,465,0,0,465,0,465,239,0,239,239
4500,jor,Jordan,1994,574,0,0,574,0,574,440,0,440,440
4501,jor,Jordan,1995,698,0,0,698,0,698,511,0,511,511
4502,jor,Jordan,1996,870,0,0,870,0,870,707,0,707,707
4503,jor,Jordan,1997,731,0,0,731,0,731,720,0,720,720
4504,jor,Jordan,1998,776,0,0,776,0,776,897,0,897,897
4505,jor,Jordan,1999,1008,0,0,1008,0,1008,970,0,970,970
4506,jor,Jordan,2000,1064,7865,0,8929,0,8929,915,551,1466,1466
4507,jor,Jordan,2001,1062,5293,0,6355,0,6355,773,557,1330,1330
4508,jor,Jordan,2002,1198,3781,0,4979,0,4979,1280,723,2003,2003
4509,jor,Jordan,2003,1195,6728,0,7923,0,7923,1149,717,1866,1866
4510,jor,Jordan,2004,1096,12450,0,13546,0,13546,1158,703,1861,1861
4511,jor,Jordan,2005,962,16563,0,17525,0,17525,1778,663,2441,2441
4512,jor,Jordan,2006,500225,19233,0,519458,0,519458,1592,758,2350,2350
4513,jor,Jordan,2007,500273,350,0,500623,0,500623,1777,730,2507,2507
4514,jor,Jordan,2008,500406,668,0,501074,0,501074,1882,743,2625,2625
4515,jor,Jordan,2009,450752,599,0,451351,0,451351,2109,757,2866,2866
4516,jor,Jordan,2010,450908,2137,0,453045,0,453045,2248,610,2858,2858
4517,jor,Jordan,2011,451000,4968,0,455968,0,455968,2242,532,2774,2774
4518,jor,Jordan,2012,302700,2934,0,305634,0,305634,2363,622,2985,2985
4519,jor,Jordan,2013,641904,4383,0,646287,0,646287,1622,927,2623,2623
4520,jor,Jordan,2014,654131,18776,0,672907,0,672907,1711,1293,3106,3106
4521,jor,Jordan,2015,664110,24906,0,689016,0,689016,1836,1829,3757,3757
4522,jor,Jordan,2016,685188,35600,0,720788,0,720788,1919,2433,4483,4483
4523,jor,Jordan,2017,691015,43809,0,734824,0,734824,2119,3467,5646,5646
4524,jor,Jordan,2018,715298,52536,1386,769220,0,769220,2430,4119,7980,7980
4525,jor,Jordan,2019,693668,51283,2117,747068,0,747068,2308,4722,8984,8984
4526,jor,Jordan,2020,702461,49686,988,753135,0,753135,2486,4984,8306,8306
4527,jor,Jordan,2021,712823,47197,1031,761051,0,761051,2981,5795,9649,9649
4528,jor,Jordan,2022,697761,45177,1385,744323,0,744323,3550,5667,10510,10510
4529,jor,Jordan,2023,684066,39775,1293,725134,0,725134,3978,8207,13452,13452
4530,jor,Jordan,2024,643641,31747,1209,676597,0,676597,4990,14273,20482,20482
4531,kaz,Kazakhstan,1993,5000,0,0,5000,0,5000,0,0,0,0
4532,kaz,Kazakhstan,1994,5028,0,0,5028,0,5028,24,0,24,24
4533,kaz,Kazakhstan,1995,15561,0,0,15561,0,15561,137,0,137,137
4534,kaz,Kazakhstan,1996,15577,0,0,15577,0,15577,40163,0,40163,40163
4535,kaz,Kazakhstan,1997,15585,0,0,15585,0,15585,40772,0,40772,40772
4536,kaz,Kazakhstan,1998,8343,0,0,8343,0,8343,20458,0,21646,21646
4537,kaz,Kazakhstan,1999,14799,0,0,14799,0,14799,9059,0,9059,9059
4538,kaz,Kazakhstan,2000,20576,5,160000,180581,0,180581,2537,739,3276,3276
4539,kaz,Kazakhstan,2001,19529,10,100000,119539,0,119539,2803,876,3679,3679
4540,kaz,Kazakhstan,2002,20610,0,83200,103810,0,103810,6317,922,7239,7239
4541,kaz,Kazakhstan,2003,15830,0,18594,34424,0,34424,6563,888,7451,7451
4542,kaz,Kazakhstan,2004,15845,5,0,15850,0,15850,6124,656,6780,6780
4543,kaz,Kazakhstan,2005,7264,62,0,7326,0,7326,4321,605,4926,4926
4544,kaz,Kazakhstan,2006,4413,93,0,4506,0,4506,7374,656,8030,8030
4545,kaz,Kazakhstan,2007,4283,71,0,4354,0,4354,5232,527,5759,5759
4546,kaz,Kazakhstan,2008,4349,123,0,4472,0,4472,4825,579,5404,5404
4547,kaz,Kazakhstan,2009,4334,129,0,4463,0,4463,3741,603,4344,4344
4548,kaz,Kazakhstan,2010,4403,314,0,4717,0,4717,3631,749,4380,4380
4549,kaz,Kazakhstan,2011,613,63,3682,4358,0,4358,3497,747,4244,4244
4550,kaz,Kazakhstan,2012,561,81,3675,4317,0,4317,3567,926,4493,4493
4551,kaz,Kazakhstan,2013,580,74,3675,4329,0,4329,2114,1147,3261,3261
4552,kaz,Kazakhstan,2014,628,92,0,720,0,720,2219,1147,3366,3366
4553,kaz,Kazakhstan,2015,701,89,0,790,0,790,2263,1565,3828,3828
4554,kaz,Kazakhstan,2016,647,133,0,780,0,780,2366,2225,4591,4591
4555,kaz,Kazakhstan,2017,602,207,0,809,0,809,2406,3514,5920,5920
4556,kaz,Kazakhstan,2018,568,190,0,758,0,758,2520,5833,8353,8353
4557,kaz,Kazakhstan,2019,518,212,0,730,0,730,2757,6982,9739,9739
4558,kaz,Kazakhstan,2020,440,223,0,663,0,663,2741,5978,8719,8719
4559,kaz,Kazakhstan,2021,352,305,0,657,0,657,3198,5925,9123,9123
4560,kaz,Kazakhstan,2022,308,840,0,1148,0,1148,3666,8182,11848,11848
4561,kaz,Kazakhstan,2023,42685,476,0,43161,0,43161,3795,11277,15072,15072
4562,kaz,Kazakhstan,2024,65833,319,0,66152,0,66152,4119,12388,16507,16507
4563,ken,Kenya,1970,930,0,0,930,0,930,0,0,0,0
4564,ken,Kenya,1971,2600,0,0,2600,0,2600,0,0,0,0
4565,ken,Kenya,1972,2490,0,0,2490,0,2490,0,0,0,0
4566,ken,Kenya,1973,2970,0,0,2970,0,2970,0,0,0,0
4567,ken,Kenya,1974,2740,0,0,2740,0,2740,0,0,0,0
4568,ken,Kenya,1975,2450,0,0,2450,0,2450,90,0,90,90
4569,ken,Kenya,1976,2500,0,0,2500,0,2500,0,0,0,0
4570,ken,Kenya,1977,6010,0,0,6010,0,6010,1200,0,1200,1200
4571,ken,Kenya,1978,6500,0,0,6500,0,6500,80,0,80,80
4572,ken,Kenya,1979,5810,0,0,5810,0,5810,80,0,80,80
4573,ken,Kenya,1980,3510,0,0,3510,0,3510,0,0,0,0
4574,ken,Kenya,1981,3380,0,0,3380,0,3380,0,0,0,0
4575,ken,Kenya,1982,4760,0,0,4760,0,4760,0,0,0,0
4576,ken,Kenya,1983,6760,0,0,6760,0,6760,0,0,0,0
4577,ken,Kenya,1984,8060,0,0,8060,0,8060,0,0,0,0
4578,ken,Kenya,1985,8790,0,0,8790,0,8790,0,0,0,0
4579,ken,Kenya,1986,8040,0,0,8040,0,8040,0,0,0,0
4580,ken,Kenya,1987,10220,0,0,10220,0,10220,0,0,0,0
4581,ken,Kenya,1988,12810,0,0,12810,0,12810,0,0,0,0
4582,ken,Kenya,1989,12654,0,0,12654,0,12654,0,0,0,0
4583,ken,Kenya,1990,14249,0,0,14249,0,14249,7,0,7,7
4584,ken,Kenya,1991,120163,0,0,120163,0,120163,31,0,31,31
4585,ken,Kenya,1992,402194,0,0,402194,0,402194,61,0,61,61
4586,ken,Kenya,1993,301595,0,0,301595,0,301595,83,0,83,83
4587,ken,Kenya,1994,252423,0,0,252423,0,252423,8772,0,8772,8772
4588,ken,Kenya,1995,234665,0,0,234665,0,234665,9320,0,9320,9320
4589,ken,Kenya,1996,223640,0,0,223640,0,223640,9390,0,9390,9390
4590,ken,Kenya,1997,232097,0,0,232097,0,232097,9563,0,9563,9563
4591,ken,Kenya,1998,238187,0,0,238187,0,238187,6037,0,6037,6037
4592,ken,Kenya,1999,223696,0,0,223696,0,223696,6131,0,6131,6131
4593,ken,Kenya,2000,206108,8708,0,214816,0,214816,2367,861,3228,3228
4594,ken,Kenya,2001,239221,12596,0,251817,0,251817,2551,713,3264,3264
4595,ken,Kenya,2002,233671,2418,0,236089,0,236089,3089,10177,13266,13266
4596,ken,Kenya,2003,237509,4015,0,241524,0,241524,3159,10867,14026,14026
4597,ken,Kenya,2004,239833,9469,0,249302,0,249302,3842,11209,15051,15051
4598,ken,Kenya,2005,251268,16446,0,267714,0,267714,4638,11431,16069,16069
4599,ken,Kenya,2006,272529,18508,0,291037,0,291037,5356,1075,6431,6431
4600,ken,Kenya,2007,265729,5762,0,271491,0,271491,7544,1717,9261,9261
4601,ken,Kenya,2008,320598,8762,0,329360,404000,733360,9682,2197,11879,415879
4602,ken,Kenya,2009,358916,18961,0,377877,399000,776877,9609,2975,12584,411584
4603,ken,Kenya,2010,402891,27957,0,430848,300000,730848,8585,1649,10234,310234
4604,ken,Kenya,2011,566482,35268,0,601750,300000,901750,8731,1590,10321,310321
4605,ken,Kenya,2012,564921,41940,0,606861,412000,1018861,8946,1544,10490,422490
4606,ken,Kenya,2013,534935,52271,0,587206,0,587206,8580,2192,10772,10772
4607,ken,Kenya,2014,551351,33994,0,585345,0,585345,8546,2925,11471,11471
4608,ken,Kenya,2015,553907,39953,0,593860,0,593860,7902,3258,11172,11172
4609,ken,Kenya,2016,451097,43748,0,494845,0,494845,7526,3556,11102,11102
4610,ken,Kenya,2017,431895,56499,0,488394,0,488394,7567,5714,13293,13293
4611,ken,Kenya,2018,421243,50458,0,471701,0,471701,7480,7287,14767,14767
4612,ken,Kenya,2019,438899,50829,0,489728,0,489728,7705,7879,15589,15589
4613,ken,Kenya,2020,452916,51916,0,504832,0,504832,7422,8959,16381,16381
4614,ken,Kenya,2021,481048,59001,0,540049,0,540049,7529,9727,17261,17261
4615,ken,Kenya,2022,504473,69011,87196,660680,0,660680,7595,10209,17809,17809
4616,ken,Kenya,2023,538899,152942,64971,756812,0,756812,8004,15941,23955,23955
4617,ken,Kenya,2024,604257,219647,0,823904,0,823904,11696,19107,30826,30826
4618,kir,Kiribati,2003,0,0,0,0,0,0,15,0,15,15
4619,kir,Kiribati,2004,0,0,0,0,0,0,31,0,31,31
4620,kir,Kiribati,2005,0,0,0,0,0,0,31,5,36,36
4621,kir,Kiribati,2006,0,0,0,0,0,0,39,5,44,44
4622,kir,Kiribati,2007,0,0,0,0,0,0,36,0,36,36
4623,kir,Kiribati,2008,0,0,0,0,0,0,36,0,36,36
4624,kir,Kiribati,2009,0,0,0,0,0,0,31,0,31,31
4625,kir,Kiribati,2010,0,0,0,0,0,0,31,0,31,31
4626,kir,Kiribati,2011,0,0,0,0,0,0,31,5,36,36
4627,kir,Kiribati,2012,0,0,0,0,0,0,34,10,44,44
4628,kir,Kiribati,2013,0,0,0,0,0,0,21,0,21,21
4629,kir,Kiribati,2014,0,0,0,0,0,0,5,0,5,5
4630,kir,Kiribati,2015,0,0,0,0,0,0,0,5,5,5
4631,kir,Kiribati,2016,0,0,0,0,0,0,0,0,0,0
4632,kir,Kiribati,2017,0,0,0,0,0,0,0,0,0,0
4633,kir,Kiribati,2018,0,0,0,0,0,0,0,0,0,0
4634,kir,Kiribati,2019,0,0,0,0,0,0,0,0,0,0
4635,kir,Kiribati,2020,0,0,0,0,0,0,0,0,0,0
4636,kir,Kiribati,2021,0,0,0,0,0,0,0,5,5,5
4637,kir,Kiribati,2022,0,0,0,0,0,0,0,30,30,30
4638,kir,Kiribati,2023,0,0,0,0,0,0,0,27,27,27
4639,kir,Kiribati,2024,0,0,0,0,0,0,5,53,58,58
4640,kwt,Kuwait,1979,5000,0,0,5000,0,5000,0,0,0,0
4641,kwt,Kuwait,1980,5000,0,0,5000,0,5000,0,0,0,0
4642,kwt,Kuwait,1981,2000,0,0,2000,0,2000,0,0,0,0
4643,kwt,Kuwait,1982,2220,0,0,2220,0,2220,0,0,0,0
4644,kwt,Kuwait,1983,2220,0,0,2220,0,2220,0,0,0,0
4645,kwt,Kuwait,1984,2810,0,0,2810,0,2810,0,0,0,0
4646,kwt,Kuwait,1985,2280,0,0,2280,0,2280,0,0,0,0
4647,kwt,Kuwait,1986,0,0,0,0,0,0,0,0,0,0
4648,kwt,Kuwait,1987,0,0,0,0,0,0,0,0,0,0
4649,kwt,Kuwait,1988,0,0,0,0,0,0,0,0,0,0
4650,kwt,Kuwait,1989,210,0,0,210,0,210,0,0,0,0
4651,kwt,Kuwait,1990,0,0,0,0,0,0,46,0,46,46
4652,kwt,Kuwait,1991,45590,0,0,45590,0,45590,49,0,49,49
4653,kwt,Kuwait,1992,44879,0,0,44879,0,44879,77,0,77,77
4654,kwt,Kuwait,1993,30000,0,0,30000,0,30000,91,0,91,91
4655,kwt,Kuwait,1994,30020,0,0,30020,0,30020,758,0,758,758
4656,kwt,Kuwait,1995,3306,0,0,3306,0,3306,764,0,764,764
4657,kwt,Kuwait,1996,3831,0,0,3831,0,3831,854,0,854,854
4658,kwt,Kuwait,1997,3787,0,138000,141787,0,141787,824,0,824,824
4659,kwt,Kuwait,1998,4181,0,138000,142181,0,142181,827,0,827,827
4660,kwt,Kuwait,1999,4333,0,138147,142480,0,142480,988,0,988,988
4661,kwt,Kuwait,2000,2776,56,138000,140832,0,140832,688,98,786,786
4662,kwt,Kuwait,2001,1255,82,138000,139337,0,139337,696,146,842,842
4663,kwt,Kuwait,2002,1521,187,138000,139708,0,139708,705,116,821,821
4664,kwt,Kuwait,2003,1518,192,101000,102710,0,102710,615,104,719,719
4665,kwt,Kuwait,2004,1519,160,21000,22679,0,22679,391,89,480,480
4666,kwt,Kuwait,2005,1523,209,21000,22732,0,22732,374,65,439,439
4667,kwt,Kuwait,2006,49,527,21000,21576,0,21576,610,123,733,733
4668,kwt,Kuwait,2007,38158,703,0,38861,0,38861,741,104,845,845
4669,kwt,Kuwait,2008,38237,2648,0,40885,0,40885,847,61,908,908
4670,kwt,Kuwait,2009,222,2984,0,3206,0,3206,936,56,992,992
4671,kwt,Kuwait,2010,185,3272,0,3457,0,3457,986,81,1067,1067
4672,kwt,Kuwait,2011,336,1114,0,1450,0,1450,1112,164,1276,1276
4673,kwt,Kuwait,2012,676,831,0,1507,0,1507,1189,135,1324,1324
4674,kwt,Kuwait,2013,633,1029,0,1662,0,1662,971,173,1144,1144
4675,kwt,Kuwait,2014,611,1039,0,1650,0,1650,974,260,1234,1234
4676,kwt,Kuwait,2015,736,903,0,1639,0,1639,1076,431,1507,1507
4677,kwt,Kuwait,2016,935,823,0,1758,0,1758,1013,650,1663,1663
4678,kwt,Kuwait,2017,613,948,0,1561,0,1561,1097,951,2053,2053
4679,kwt,Kuwait,2018,671,983,16,1670,0,1670,1251,1220,2471,2471
4680,kwt,Kuwait,2019,686,1079,20,1785,0,1785,1300,1402,2712,2712
4681,kwt,Kuwait,2020,732,1054,20,1806,0,1806,1422,1415,2852,2852
4682,kwt,Kuwait,2021,720,1085,16,1821,0,1821,1702,1857,3564,3564
4683,kwt,Kuwait,2022,684,960,13,1657,0,1657,1981,2898,4884,4884
4684,kwt,Kuwait,2023,572,879,13,1464,0,1464,2276,2458,4744,4744
4685,kwt,Kuwait,2024,488,783,18,1289,0,1289,3019,3662,6691,6691
4686,kgz,Kyrgyz Republic,1993,21242,0,0,21242,0,21242,0,0,0,0
4687,kgz,Kyrgyz Republic,1994,21239,0,0,21239,0,21239,13,0,13,13
4688,kgz,Kyrgyz Republic,1995,13407,0,0,13407,0,13407,20,0,20,20
4689,kgz,Kyrgyz Republic,1996,16707,0,0,16707,0,16707,17118,0,17118,17118
4690,kgz,Kyrgyz Republic,1997,15276,0,0,15276,0,15276,16321,0,16321,16321
4691,kgz,Kyrgyz Republic,1998,14560,0,0,14560,0,14560,7450,0,7695,7695
4692,kgz,Kyrgyz Republic,1999,10849,0,0,10849,5569,16418,4003,0,4003,9572
4693,kgz,Kyrgyz Republic,2000,10609,386,0,10995,0,10995,747,322,1069,1069
4694,kgz,Kyrgyz Republic,2001,9295,470,0,9765,0,9765,687,393,1080,1080
4695,kgz,Kyrgyz Republic,2002,7705,652,0,8357,0,8357,2952,538,3490,3490
4696,kgz,Kyrgyz Republic,2003,5592,634,0,6226,0,6226,3142,616,3758,3758
4697,kgz,Kyrgyz Republic,2004,3756,446,0,4202,0,4202,3286,474,3760,3760
4698,kgz,Kyrgyz Republic,2005,2599,488,0,3087,0,3087,3127,362,3489,3489
4699,kgz,Kyrgyz Republic,2006,361,569,1129,2059,0,2059,2493,583,3076,3076
4700,kgz,Kyrgyz Republic,2007,722,711,0,1433,0,1433,2257,444,2701,2701
4701,kgz,Kyrgyz Republic,2008,374,753,0,1127,0,1127,2526,407,2933,2933
4702,kgz,Kyrgyz Republic,2009,422,490,0,912,0,912,2611,427,3038,3038
4703,kgz,Kyrgyz Republic,2010,2462,548,0,3010,80000,83010,2748,1560,4308,84308
4704,kgz,Kyrgyz Republic,2011,6097,404,0,6501,163900,170401,3163,1561,4724,168624
4705,kgz,Kyrgyz Republic,2012,4940,348,0,5288,168600,173888,3490,1196,4686,173286
4706,kgz,Kyrgyz Republic,2013,468,379,0,847,0,847,2299,1289,3588,3588
4707,kgz,Kyrgyz Republic,2014,484,210,0,694,0,694,2449,1834,4283,4283
4708,kgz,Kyrgyz Republic,2015,349,160,0,509,0,509,2498,2263,4761,4761
4709,kgz,Kyrgyz Republic,2016,334,120,0,454,0,454,2571,2368,4939,4939
4710,kgz,Kyrgyz Republic,2017,334,107,0,441,0,441,2771,2570,5341,5341
4711,kgz,Kyrgyz Republic,2018,329,105,0,434,0,434,2934,2721,5655,5655
4712,kgz,Kyrgyz Republic,2019,347,164,0,511,0,511,2963,2593,5556,5556
4713,kgz,Kyrgyz Republic,2020,334,343,0,677,0,677,2883,2695,5578,5578
4714,kgz,Kyrgyz Republic,2021,317,681,0,998,0,998,3035,2785,5820,5820
4715,kgz,Kyrgyz Republic,2022,274,669,0,943,0,943,3297,4412,7709,7709
4716,kgz,Kyrgyz Republic,2023,27790,1203,0,28993,0,28993,3324,8041,11365,11365
4717,kgz,Kyrgyz Republic,2024,23678,1735,0,25413,0,25413,3400,11350,14750,14750
4718,lao,Lao,1972,700,0,0,700,0,700,0,0,0,0
4719,lao,Lao,1973,0,0,0,0,0,0,0,0,0,0
4720,lao,Lao,1974,0,0,0,0,0,0,0,0,0,0
4721,lao,Lao,1975,70,0,0,70,0,70,55510,0,55510,55510
4722,lao,Lao,1976,110,0,0,110,0,110,62720,0,62720,62720
4723,lao,Lao,1977,100,0,0,100,0,100,78970,0,78970,78970
4724,lao,Lao,1978,120,0,0,120,0,120,119180,0,119180,119180
4725,lao,Lao,1979,110,0,0,110,0,110,128770,0,128770,128770
4726,lao,Lao,1980,10370,0,0,10370,0,10370,105256,0,105256,105256
4727,lao,Lao,1981,3500,0,0,3500,0,3500,89990,0,89990,89990
4728,lao,Lao,1982,3500,0,0,3500,0,3500,80588,0,80588,80588
4729,lao,Lao,1983,1260,0,0,1260,0,1260,85043,0,85043,85043
4730,lao,Lao,1984,1200,0,0,1200,0,1200,86673,0,86673,86673
4731,lao,Lao,1985,0,0,0,0,0,0,99303,0,99303,99303
4732,lao,Lao,1986,0,0,0,0,0,0,91214,0,91214,91214
4733,lao,Lao,1987,80,0,0,80,0,80,78894,0,78894,78894
4734,lao,Lao,1988,0,0,0,0,0,0,135866,0,135866,135866
4735,lao,Lao,1989,0,0,0,0,0,0,133496,0,133496,133496
4736,lao,Lao,1990,0,0,0,0,0,0,135634,0,135634,135634
4737,lao,Lao,1991,0,0,0,0,0,0,122328,0,122328,122328
4738,lao,Lao,1992,0,0,0,0,0,0,96158,0,96158,96158
4739,lao,Lao,1993,0,0,0,0,0,0,74500,0,74500,74500
4740,lao,Lao,1994,0,0,0,0,0,0,54895,0,54895,54895
4741,lao,Lao,1995,0,0,0,0,0,0,58197,0,58197,58197
4742,lao,Lao,1996,0,0,0,0,0,0,46908,0,46908,46908
4743,lao,Lao,1997,0,0,0,0,0,0,37369,0,37369,37369
4744,lao,Lao,1998,0,0,0,0,0,0,29018,0,30173,30173
4745,lao,Lao,1999,0,0,0,0,0,0,21393,0,21393,21393
4746,lao,Lao,2000,0,0,0,0,0,0,16090,201,16296,16296
4747,lao,Lao,2001,0,0,0,0,0,0,12625,963,13593,13593
4748,lao,Lao,2002,0,0,0,0,0,0,11233,911,12149,12149
4749,lao,Lao,2003,0,0,0,0,0,0,10360,474,10839,10839
4750,lao,Lao,2004,0,0,0,0,0,0,16114,471,16590,16590
4751,lao,Lao,2005,0,0,0,0,0,0,24441,346,24792,24792
4752,lao,Lao,2006,0,0,0,0,0,0,26445,283,26733,26733
4753,lao,Lao,2007,0,0,0,0,0,0,10012,164,10176,10176
4754,lao,Lao,2008,0,0,0,0,0,0,8596,178,8774,8774
4755,lao,Lao,2009,0,0,0,0,0,0,8397,190,8587,8587
4756,lao,Lao,2010,0,0,0,0,0,0,8412,68,8480,8480
4757,lao,Lao,2011,0,0,0,0,0,0,8086,24,8110,8110
4758,lao,Lao,2012,0,0,0,0,0,0,7981,10,7991,7991
4759,lao,Lao,2013,0,0,0,0,0,0,7736,41,7777,7777
4760,lao,Lao,2014,0,0,0,0,0,0,7476,113,7589,7589
4761,lao,Lao,2015,0,0,0,0,0,0,7359,165,7524,7524
4762,lao,Lao,2016,0,0,0,0,0,0,7229,167,7396,7396
4763,lao,Lao,2017,0,0,0,0,0,0,7056,223,7279,7279
4764,lao,Lao,2018,0,0,0,0,0,0,6943,294,7237,7237
4765,lao,Lao,2019,0,0,0,0,0,0,6757,390,7147,7147
4766,lao,Lao,2020,0,0,0,0,0,0,6665,463,7128,7128
4767,lao,Lao,2021,0,0,0,0,0,0,6778,474,7252,7252
4768,lao,Lao,2022,0,0,0,0,0,0,6653,476,7129,7129
4769,lao,Lao,2023,0,0,0,0,0,0,6551,560,7111,7111
4770,lao,Lao,2024,0,0,0,0,0,0,6556,760,7316,7316
4771,lva,Latvia,1992,0,0,0,0,0,0,5,0,5,5
4772,lva,Latvia,1993,0,0,0,0,0,0,5,0,5,5
4773,lva,Latvia,1994,0,0,0,0,0,0,95,0,95,95
4774,lva,Latvia,1995,0,0,0,0,0,0,158,0,158,158
4775,lva,Latvia,1996,0,0,0,0,0,0,1956,0,1956,1956
4776,lva,Latvia,1997,0,0,0,0,0,0,1916,0,1916,1916
4777,lva,Latvia,1998,0,0,0,0,0,0,1014,0,3956,3956
4778,lva,Latvia,1999,5,0,5,10,0,10,903,0,903,903
4779,lva,Latvia,2000,5,0,5,10,0,10,484,107,591,591
4780,lva,Latvia,2001,5,0,0,5,0,5,610,178,788,788
4781,lva,Latvia,2002,5,8,0,13,0,13,3080,189,3269,3269
4782,lva,Latvia,2003,16,0,0,16,0,16,3173,198,3371,3371
4783,lva,Latvia,2004,10,0,0,10,0,10,2822,148,2970,2970
4784,lva,Latvia,2005,10,7,0,17,0,17,2428,118,2546,2546
4785,lva,Latvia,2006,22,0,0,22,0,22,1424,100,1524,1524
4786,lva,Latvia,2007,27,11,0,38,0,38,660,37,697,697
4787,lva,Latvia,2008,27,33,0,60,0,60,765,24,789,789
4788,lva,Latvia,2009,40,54,0,94,0,94,787,76,863,863
4789,lva,Latvia,2010,60,43,0,103,0,103,712,177,889,889
4790,lva,Latvia,2011,88,216,0,304,0,304,706,143,849,849
4791,lva,Latvia,2012,113,171,0,284,0,284,662,94,756,756
4792,lva,Latvia,2013,149,183,0,332,0,332,228,66,294,294
4793,lva,Latvia,2014,168,235,0,403,0,403,206,57,263,263
4794,lva,Latvia,2015,193,182,0,375,0,375,187,77,264,264
4795,lva,Latvia,2016,340,151,0,491,0,491,165,96,261,261
4796,lva,Latvia,2017,653,54,0,707,0,707,162,105,267,267
4797,lva,Latvia,2018,664,45,0,709,0,709,152,103,255,255
4798,lva,Latvia,2019,665,41,0,706,0,706,144,98,242,242
4799,lva,Latvia,2020,637,73,0,710,0,710,143,92,235,235
4800,lva,Latvia,2021,705,209,0,914,0,914,122,120,242,242
4801,lva,Latvia,2022,39055,249,0,39304,0,39304,112,172,284,284
4802,lva,Latvia,2023,45761,552,0,46313,0,46313,138,176,314,314
4803,lva,Latvia,2024,49220,263,0,49483,0,49483,179,166,345,345
4804,lbn,Lebanon,1964,1310,0,0,1310,0,1310,0,0,0,0
4805,lbn,Lebanon,1965,570,0,0,570,0,570,0,0,0,0
4806,lbn,Lebanon,1966,3430,0,0,3430,0,3430,0,0,0,0
4807,lbn,Lebanon,1967,0,0,0,0,0,0,0,0,0,0
4808,lbn,Lebanon,1968,4510,0,0,4510,0,4510,0,0,0,0
4809,lbn,Lebanon,1969,4510,0,0,4510,0,4510,0,0,0,0
4810,lbn,Lebanon,1970,0,0,0,0,0,0,0,0,0,0
4811,lbn,Lebanon,1971,3050,0,0,3050,0,3050,0,0,0,0
4812,lbn,Lebanon,1972,3340,0,0,3340,0,3340,0,0,0,0
4813,lbn,Lebanon,1973,3830,0,0,3830,0,3830,0,0,0,0
4814,lbn,Lebanon,1974,0,0,0,0,0,0,0,0,0,0
4815,lbn,Lebanon,1975,0,0,0,0,0,0,0,0,0,0
4816,lbn,Lebanon,1976,700000,0,0,700000,0,700000,0,0,0,0
4817,lbn,Lebanon,1977,700000,0,0,700000,0,700000,0,0,0,0
4818,lbn,Lebanon,1978,5000,0,0,5000,0,5000,0,0,0,0
4819,lbn,Lebanon,1979,2900,0,0,2900,0,2900,0,0,0,0
4820,lbn,Lebanon,1980,5000,0,0,5000,0,5000,0,0,0,0
4821,lbn,Lebanon,1981,3200,0,0,3200,0,3200,0,0,0,0
4822,lbn,Lebanon,1982,2800,0,0,2800,0,2800,12590,0,12590,12590
4823,lbn,Lebanon,1983,2920,0,0,2920,0,2920,27270,0,27270,27270
4824,lbn,Lebanon,1984,2920,0,0,2920,0,2920,30060,0,30060,30060
4825,lbn,Lebanon,1985,4890,0,0,4890,0,4890,33140,0,33140,33140
4826,lbn,Lebanon,1986,5920,0,0,5920,0,5920,630,0,630,630
4827,lbn,Lebanon,1987,5900,0,0,5900,0,5900,0,0,0,0
4828,lbn,Lebanon,1988,4420,0,0,4420,0,4420,439,0,439,439
4829,lbn,Lebanon,1989,4350,0,0,4350,0,4350,2197,0,2197,2197
4830,lbn,Lebanon,1990,2550,0,0,2550,0,2550,6993,0,6993,6993
4831,lbn,Lebanon,1991,5223,0,0,5223,0,5223,8501,0,8501,8501
4832,lbn,Lebanon,1992,6012,0,0,6012,0,6012,10257,0,10257,10257
4833,lbn,Lebanon,1993,1187,0,0,1187,0,1187,10629,0,10629,10629
4834,lbn,Lebanon,1994,1359,0,0,1359,0,1359,15649,0,15649,15649
4835,lbn,Lebanon,1995,1867,0,0,1867,0,1867,13513,0,13513,13513
4836,lbn,Lebanon,1996,2408,0,0,2408,0,2408,10888,0,10888,10888
4837,lbn,Lebanon,1997,3062,0,0,3062,0,3062,10228,0,10228,10228
4838,lbn,Lebanon,1998,3684,0,0,3684,0,3684,9782,0,9782,9782
4839,lbn,Lebanon,1999,4172,0,0,4172,0,4172,7677,0,7690,7690
4840,lbn,Lebanon,2000,2672,6023,0,8695,0,8695,10208,1538,11746,11746
4841,lbn,Lebanon,2001,2816,3676,0,6492,0,6492,8754,1887,10641,10641
4842,lbn,Lebanon,2002,2826,156,0,2982,0,2982,26313,2364,28677,28677
4843,lbn,Lebanon,2003,2519,523,0,3042,0,3042,24929,2129,27058,27058
4844,lbn,Lebanon,2004,1753,671,0,2424,0,2424,19854,1610,21464,21464
4845,lbn,Lebanon,2005,1078,1438,16,2532,0,2532,18325,2004,20340,20340
4846,lbn,Lebanon,2006,20164,2557,110,22831,200000,222831,12249,3160,15409,215409
4847,lbn,Lebanon,2007,50330,569,0,50899,70000,120899,13089,2560,15649,85649
4848,lbn,Lebanon,2008,50413,511,0,50924,0,50924,12966,2276,15242,15242
4849,lbn,Lebanon,2009,50398,584,0,50982,0,50982,16250,1755,18005,18005
4850,lbn,Lebanon,2010,8045,1407,0,9452,0,9452,15864,1518,17382,17382
4851,lbn,Lebanon,2011,8971,1725,4840,15536,0,15536,15004,1384,16388,16388
4852,lbn,Lebanon,2012,133913,1906,0,135819,0,135819,15100,1976,17076,17076
4853,lbn,Lebanon,2013,856539,2257,3688,862484,0,862484,3809,2730,6539,6539
4854,lbn,Lebanon,2014,1154029,7435,5696,1167160,0,1167160,4262,3833,8095,8095
4855,lbn,Lebanon,2015,1070844,12114,5218,1088176,0,1088176,4353,5985,10338,10338
4856,lbn,Lebanon,2016,1012959,13724,4574,1031257,0,1031257,4719,8484,13203,13203
4857,lbn,Lebanon,2017,998876,15321,4183,1018380,0,1018380,5301,9285,14586,14586
4858,lbn,Lebanon,2018,949653,16404,3518,969575,0,969575,5620,8058,13692,13692
4859,lbn,Lebanon,2019,916141,12095,7875,936111,0,936111,5647,8032,18709,18709
4860,lbn,Lebanon,2020,870388,10278,7149,887815,0,887815,5495,7964,18205,18205
4861,lbn,Lebanon,2021,845865,8717,14337,868919,0,868919,6061,8873,26597,26597
4862,lbn,Lebanon,2022,818861,7995,23596,850452,0,850452,6794,10289,35754,35754
4863,lbn,Lebanon,2023,788472,7614,30053,826139,0,826139,7392,9793,41100,41100
4864,lbn,Lebanon,2024,758642,6748,32201,797591,123774,921365,9534,12125,47542,171316
4865,lso,Lesotho,1970,70,0,0,70,0,70,0,0,0,0
4866,lso,Lesotho,1971,190,0,0,190,0,190,60,0,60,60
4867,lso,Lesotho,1972,60,0,0,60,0,60,0,0,0,0
4868,lso,Lesotho,1973,180,0,0,180,0,180,0,0,0,0
4869,lso,Lesotho,1974,190,0,0,190,0,190,110,0,110,110
4870,lso,Lesotho,1975,190,0,0,190,0,190,310,0,310,310
4871,lso,Lesotho,1976,900,0,0,900,0,900,0,0,0,0
4872,lso,Lesotho,1977,1130,0,0,1130,0,1130,90,0,90,90
4873,lso,Lesotho,1978,990,0,0,990,0,990,160,0,160,160
4874,lso,Lesotho,1979,690,0,0,690,0,690,160,0,160,160
4875,lso,Lesotho,1980,10000,0,0,10000,0,10000,70,0,70,70
4876,lso,Lesotho,1981,11500,0,0,11500,0,11500,80,0,80,80
4877,lso,Lesotho,1982,11500,0,0,11500,0,11500,0,0,0,0
4878,lso,Lesotho,1983,11500,0,0,11500,0,11500,0,0,0,0
4879,lso,Lesotho,1984,11850,0,0,11850,0,11850,0,0,0,0
4880,lso,Lesotho,1985,11500,0,0,11500,0,11500,0,0,0,0
4881,lso,Lesotho,1986,11500,0,0,11500,0,11500,0,0,0,0
4882,lso,Lesotho,1987,4000,0,0,4000,0,4000,0,0,0,0
4883,lso,Lesotho,1988,4230,0,0,4230,0,4230,0,0,0,0
4884,lso,Lesotho,1989,4248,0,0,4248,0,4248,5,0,5,5
4885,lso,Lesotho,1990,212,0,0,212,0,212,5,0,5,5
4886,lso,Lesotho,1991,220,0,0,220,0,220,5,0,5,5
4887,lso,Lesotho,1992,117,0,0,117,0,117,0,0,0,0
4888,lso,Lesotho,1993,60,0,0,60,0,60,55,0,55,55
4889,lso,Lesotho,1994,57,0,0,57,0,57,0,0,0,0
4890,lso,Lesotho,1995,0,0,0,0,0,0,0,0,0,0
4891,lso,Lesotho,1996,0,0,0,0,0,0,0,0,0,0
4892,lso,Lesotho,1997,0,0,0,0,0,0,0,0,0,0
4893,lso,Lesotho,1998,0,0,0,0,0,0,0,0,0,0
4894,lso,Lesotho,1999,0,0,0,0,0,0,0,0,0,0
4895,lso,Lesotho,2000,0,0,0,0,0,0,0,0,0,0
4896,lso,Lesotho,2001,39,0,0,39,0,39,0,6,6,6
4897,lso,Lesotho,2002,0,0,0,0,0,0,5,5,10,10
4898,lso,Lesotho,2003,0,0,0,0,0,0,5,5,10,10
4899,lso,Lesotho,2004,0,0,0,0,0,0,5,10,15,15
4900,lso,Lesotho,2005,0,0,0,0,0,0,0,6,6,6
4901,lso,Lesotho,2006,0,0,0,0,0,0,5,5,10,10
4902,lso,Lesotho,2007,0,0,0,0,0,0,5,12,17,17
4903,lso,Lesotho,2008,0,0,0,0,0,0,5,17,22,22
4904,lso,Lesotho,2009,0,0,0,0,0,0,5,5,10,10
4905,lso,Lesotho,2010,0,0,0,0,0,0,5,5,10,10
4906,lso,Lesotho,2011,38,0,0,38,0,38,5,158,163,163
4907,lso,Lesotho,2012,33,0,0,33,0,33,5,279,284,284
4908,lso,Lesotho,2013,29,0,0,29,0,29,10,676,686,686
4909,lso,Lesotho,2014,43,0,0,43,0,43,16,665,681,681
4910,lso,Lesotho,2015,31,0,0,31,0,31,16,1091,1107,1107
4911,lso,Lesotho,2016,46,5,0,51,0,51,5,698,703,703
4912,lso,Lesotho,2017,55,28,0,83,0,83,6,20,26,26
4913,lso,Lesotho,2018,56,36,0,92,0,92,6,38,44,44
4914,lso,Lesotho,2019,143,78,0,221,0,221,6,49,55,55
4915,lso,Lesotho,2020,271,179,0,450,0,450,6,38,44,44
4916,lso,Lesotho,2021,296,226,0,522,0,522,6,41,47,47
4917,lso,Lesotho,2022,251,288,6,545,0,545,12,24,42,42
4918,lso,Lesotho,2023,319,363,6,688,0,688,12,41,59,59
4919,lso,Lesotho,2024,419,191,6,616,0,616,25,49,74,74
4920,lbr,Liberia,1969,1000,0,0,1000,0,1000,0,0,0,0
4921,lbr,Liberia,1970,0,0,0,0,0,0,0,0,0,0
4922,lbr,Liberia,1971,60,0,0,60,0,60,0,0,0,0
4923,lbr,Liberia,1972,0,0,0,0,0,0,0,0,0,0
4924,lbr,Liberia,1973,0,0,0,0,0,0,0,0,0,0
4925,lbr,Liberia,1974,0,0,0,0,0,0,0,0,0,0
4926,lbr,Liberia,1975,0,0,0,0,0,0,0,0,0,0
4927,lbr,Liberia,1976,0,0,0,0,0,0,0,0,0,0
4928,lbr,Liberia,1977,1550,0,0,1550,0,1550,0,0,0,0
4929,lbr,Liberia,1978,0,0,0,0,0,0,0,0,0,0
4930,lbr,Liberia,1979,0,0,0,0,0,0,0,0,0,0
4931,lbr,Liberia,1980,0,0,0,0,0,0,0,0,0,0
4932,lbr,Liberia,1981,0,0,0,0,0,0,0,0,0,0
4933,lbr,Liberia,1982,0,0,0,0,0,0,0,0,0,0
4934,lbr,Liberia,1983,90,0,0,90,0,90,0,0,0,0
4935,lbr,Liberia,1984,260,0,0,260,0,260,0,0,0,0
4936,lbr,Liberia,1985,180,0,0,180,0,180,0,0,0,0
4937,lbr,Liberia,1986,250,0,0,250,0,250,0,0,0,0
4938,lbr,Liberia,1987,170,0,0,170,0,170,0,0,0,0
4939,lbr,Liberia,1988,80,0,0,80,0,80,30,0,30,30
4940,lbr,Liberia,1989,250,0,0,250,0,250,50,0,50,50
4941,lbr,Liberia,1990,0,0,0,0,0,0,735687,0,735687,735687
4942,lbr,Liberia,1991,0,0,0,0,0,0,673433,0,673433,673433
4943,lbr,Liberia,1992,100048,0,0,100048,0,100048,520914,0,520914,520914
4944,lbr,Liberia,1993,150155,0,0,150155,0,150155,704048,0,704048,704048
4945,lbr,Liberia,1994,120164,0,0,120164,220000,340164,797834,0,797834,1017834
4946,lbr,Liberia,1995,120082,0,0,120082,320000,440082,744627,0,744627,1064627
4947,lbr,Liberia,1996,120060,0,0,120060,320000,440060,783992,0,783992,1103992
4948,lbr,Liberia,1997,126882,0,0,126882,166000,292882,493324,0,493324,659324
4949,lbr,Liberia,1998,96310,0,0,96310,128292,224602,365390,0,365395,493687
4950,lbr,Liberia,1999,96310,0,0,96310,90584,186894,294685,0,294685,385269
4951,lbr,Liberia,2000,69307,0,0,69307,110686,179993,266926,4196,271127,381813
4952,lbr,Liberia,2001,54753,0,0,54753,196116,250869,244603,6357,250960,447076
4953,lbr,Liberia,2002,64946,7,0,64953,304115,369068,275414,10559,285973,590088
4954,lbr,Liberia,2003,33992,0,15000,48992,531616,580608,353340,6186,359526,891142
4955,lbr,Liberia,2004,15168,0,35,15203,498566,513769,335466,7587,343053,841619
4956,lbr,Liberia,2005,10161,25,34,10220,237822,248042,231136,5975,237111,474933
4957,lbr,Liberia,2006,16179,48,8,16235,0,16235,160543,5000,165543,165543
4958,lbr,Liberia,2007,10456,88,0,10544,0,10544,91542,3518,95060,95060
4959,lbr,Liberia,2008,10216,30,0,10246,0,10246,75221,2381,77602,77602
4960,lbr,Liberia,2009,6943,532,2500,9975,0,9975,71601,2195,73796,73796
4961,lbr,Liberia,2010,24735,26,1850,26611,0,26611,70133,1909,72042,72042
4962,lbr,Liberia,2011,128283,569,1850,130702,0,130702,66779,1957,68736,68736
4963,lbr,Liberia,2012,65899,46,1606,67551,0,67551,23428,2021,25449,25449
4964,lbr,Liberia,2013,53243,48,1540,54831,0,54831,17548,1982,19742,19742
4965,lbr,Liberia,2014,38586,33,1479,40098,0,40098,13561,2319,15888,15888
4966,lbr,Liberia,2015,36495,11,1479,37985,0,37985,9972,2414,12394,12394
4967,lbr,Liberia,2016,18978,14,1479,20471,0,20471,6558,2601,9268,9268
4968,lbr,Liberia,2017,11109,30,374,11513,0,11513,6039,3362,9546,9546
4969,lbr,Liberia,2018,9103,40,0,9143,0,9143,5508,2986,8582,8582
4970,lbr,Liberia,2019,8225,11,0,8236,0,8236,5365,2953,8351,8351
4971,lbr,Liberia,2020,8213,10668,0,18881,0,18881,5195,3073,8287,8287
4972,lbr,Liberia,2021,8169,9818,0,17987,0,17987,5384,3090,8520,8520
4973,lbr,Liberia,2022,620,821,0,1441,0,1441,5156,3093,8590,8590
4974,lbr,Liberia,2023,1164,618,0,1782,0,1782,4838,3904,8942,8942
4975,lbr,Liberia,2024,1167,687,0,1854,0,1854,5086,4466,9840,9840
4976,lby,Libya,1980,0,0,0,0,0,0,205,0,205,205
4977,lby,Libya,1981,0,0,0,0,0,0,226,0,226,226
4978,lby,Libya,1982,0,0,0,0,0,0,259,0,259,259
4979,lby,Libya,1983,0,0,0,0,0,0,275,0,275,275
4980,lby,Libya,1984,0,0,0,0,0,0,291,0,291,291
4981,lby,Libya,1985,0,0,0,0,0,0,327,0,327,327
4982,lby,Libya,1986,0,0,0,0,0,0,304,0,304,304
4983,lby,Libya,1987,0,0,0,0,0,0,250,0,250,250
4984,lby,Libya,1988,0,0,0,0,0,0,659,0,659,659
4985,lby,Libya,1989,0,0,0,0,0,0,653,0,653,653
4986,lby,Libya,1990,0,0,0,0,0,0,579,0,579,579
4987,lby,Libya,1991,0,0,0,0,0,0,841,0,841,841
4988,lby,Libya,1992,0,0,0,0,0,0,687,0,687,687
4989,lby,Libya,1993,1183,0,0,1183,0,1183,595,0,595,595
4990,lby,Libya,1994,2001,0,0,2001,0,2001,669,0,669,669
4991,lby,Libya,1995,3973,0,0,3973,0,3973,622,0,622,622
4992,lby,Libya,1996,7747,0,0,7747,0,7747,271,0,271,271
4993,lby,Libya,1997,8477,0,0,8477,0,8477,266,0,266,266
4994,lby,Libya,1998,10555,0,0,10555,0,10555,432,0,432,432
4995,lby,Libya,1999,10531,0,0,10531,0,10531,563,0,563,563
4996,lby,Libya,2000,11541,208,0,11749,0,11749,603,531,1134,1134
4997,lby,Libya,2001,11662,12,0,11674,0,11674,877,484,1361,1361
4998,lby,Libya,2002,11666,29,0,11695,0,11695,1443,922,2365,2365
4999,lby,Libya,2003,11899,55,0,11954,0,11954,1553,898,2451,2451
5000,lby,Libya,2004,12164,196,0,12360,0,12360,1696,811,2507,2507
5001,lby,Libya,2005,12164,196,0,12360,0,12360,1556,763,2319,2319
5002,lby,Libya,2006,2760,1985,0,4745,0,4745,1557,657,2214,2214
5003,lby,Libya,2007,4090,2771,0,6861,0,6861,1939,613,2552,2552
5004,lby,Libya,2008,6713,4833,0,11546,0,11546,2068,753,2821,2821
5005,lby,Libya,2009,9000,3311,0,12311,0,12311,2189,636,2825,2825
5006,lby,Libya,2010,7922,3185,0,11107,0,11107,2297,558,2855,2855
5007,lby,Libya,2011,10129,2883,0,13012,93565,106577,4372,1954,6326,99891
5008,lby,Libya,2012,7065,6544,0,13609,59425,73034,5233,1894,7127,66552
5009,lby,Libya,2013,25561,6592,0,32153,53579,85732,3298,2068,5371,58950
5010,lby,Libya,2014,27964,8886,0,36850,363067,399917,4187,3886,8078,371145
5011,lby,Libya,2015,9305,27463,0,36768,434869,471637,6077,6042,12124,446993
5012,lby,Libya,2016,9311,29221,0,38532,174510,213042,8831,6521,15362,189872
5013,lby,Libya,2017,9352,35650,0,45002,180937,225939,11205,6842,18052,198989
5014,lby,Libya,2018,8792,47403,0,56195,170491,226686,13868,6786,20662,191153
5015,lby,Libya,2019,4730,40718,0,45448,355672,401120,16033,5986,22061,377733
5016,lby,Libya,2020,4149,40039,0,44188,278177,322365,17523,5440,23046,301223
5017,lby,Libya,2021,3141,36741,0,39882,179047,218929,19090,5717,24857,203904
5018,lby,Libya,2022,2208,42509,0,44717,161613,206330,17811,6076,23915,185528
5019,lby,Libya,2023,1837,54837,0,56674,125802,182476,17958,6054,24040,149842
5020,lby,Libya,2024,200335,76675,0,277010,32791,309801,17235,6358,23603,56394
5021,lie,Liechtenstein,2000,70,0,0,70,0,70,0,0,0,0
5022,lie,Liechtenstein,2001,140,184,0,324,0,324,0,0,0,0
5023,lie,Liechtenstein,2002,126,126,0,252,0,252,0,0,0,0
5024,lie,Liechtenstein,2003,147,85,0,232,0,232,0,0,0,0
5025,lie,Liechtenstein,2004,147,61,0,208,0,208,0,0,0,0
5026,lie,Liechtenstein,2005,148,58,0,206,0,206,0,0,0,0
5027,lie,Liechtenstein,2006,274,24,0,298,0,298,0,0,0,0
5028,lie,Liechtenstein,2007,278,10,0,288,0,288,0,0,0,0
5029,lie,Liechtenstein,2008,84,10,0,94,0,94,0,0,0,0
5030,lie,Liechtenstein,2009,86,48,0,134,0,134,0,0,0,0
5031,lie,Liechtenstein,2010,86,35,0,121,0,121,0,0,0,0
5032,lie,Liechtenstein,2011,88,48,0,136,0,136,0,0,0,0
5033,lie,Liechtenstein,2012,103,17,0,120,0,120,0,0,0,0
5034,lie,Liechtenstein,2013,96,20,0,116,0,116,0,0,0,0
5035,lie,Liechtenstein,2014,102,66,0,168,0,168,0,0,0,0
5036,lie,Liechtenstein,2015,146,87,0,233,0,233,0,0,0,0
5037,lie,Liechtenstein,2016,161,78,0,239,0,239,0,0,0,0
5038,lie,Liechtenstein,2017,164,79,0,243,0,243,0,0,0,0
5039,lie,Liechtenstein,2018,166,70,0,236,0,236,0,0,0,0
5040,lie,Liechtenstein,2019,125,29,0,154,0,154,0,14,14,14
5041,lie,Liechtenstein,2020,129,20,0,149,0,149,0,5,5,5
5042,lie,Liechtenstein,2021,133,22,0,155,0,155,5,5,10,10
5043,lie,Liechtenstein,2022,524,6,0,530,0,530,5,5,10,10
5044,lie,Liechtenstein,2023,597,10,0,607,0,607,0,0,0,0
5045,lie,Liechtenstein,2024,841,34,0,875,0,875,0,0,0,0
5046,ltu,Lithuania,1990,0,0,0,0,0,0,5,0,5,5
5047,ltu,Lithuania,1991,0,0,0,0,0,0,5,0,5,5
5048,ltu,Lithuania,1992,0,0,0,0,0,0,10,0,10,10
5049,ltu,Lithuania,1993,0,0,0,0,0,0,15,0,15,15
5050,ltu,Lithuania,1994,0,0,0,0,0,0,63,0,63,63
5051,ltu,Lithuania,1995,0,0,0,0,0,0,107,0,107,107
5052,ltu,Lithuania,1996,0,0,0,0,0,0,659,0,659,659
5053,ltu,Lithuania,1997,5,0,0,5,0,5,650,0,650,650
5054,ltu,Lithuania,1998,30,0,0,30,0,30,276,0,1367,1367
5055,ltu,Lithuania,1999,38,0,0,38,0,38,251,0,251,251
5056,ltu,Lithuania,2000,48,56,50,154,0,154,155,138,293,293
5057,ltu,Lithuania,2001,283,84,0,367,0,367,210,256,466,466
5058,ltu,Lithuania,2002,363,212,32,607,0,607,1365,356,1721,1721
5059,ltu,Lithuania,2003,399,90,0,489,0,489,1535,358,1893,1893
5060,ltu,Lithuania,2004,469,22,0,491,0,491,1470,202,1672,1672
5061,ltu,Lithuania,2005,527,51,0,578,0,578,1440,181,1621,1621
5062,ltu,Lithuania,2006,527,40,0,567,0,567,936,152,1088,1088
5063,ltu,Lithuania,2007,688,25,0,713,0,713,461,83,544,544
5064,ltu,Lithuania,2008,749,93,0,842,0,842,486,60,546,546
5065,ltu,Lithuania,2009,790,69,0,859,0,859,496,110,606,606
5066,ltu,Lithuania,2010,808,67,0,875,0,875,508,120,628,628
5067,ltu,Lithuania,2011,824,73,0,897,0,897,523,111,634,634
5068,ltu,Lithuania,2012,871,70,0,941,0,941,487,90,577,577
5069,ltu,Lithuania,2013,918,74,0,992,0,992,217,76,293,293
5070,ltu,Lithuania,2014,1007,139,0,1146,0,1146,182,57,239,239
5071,ltu,Lithuania,2015,1094,75,0,1169,0,1169,143,64,207,207
5072,ltu,Lithuania,2016,1284,147,0,1431,0,1431,74,78,152,152
5073,ltu,Lithuania,2017,1577,249,0,1826,0,1826,73,95,168,168
5074,ltu,Lithuania,2018,1731,273,0,2004,0,2004,66,89,155,155
5075,ltu,Lithuania,2019,1822,408,0,2230,0,2230,61,76,137,137
5076,ltu,Lithuania,2020,1880,122,0,2002,0,2002,58,78,136,136
5077,ltu,Lithuania,2021,1880,122,0,2002,0,2002,54,114,168,168
5078,ltu,Lithuania,2022,67638,491,0,68129,0,68129,77,128,205,205
5079,ltu,Lithuania,2023,80225,333,0,80558,0,80558,63,122,185,185
5080,ltu,Lithuania,2024,53561,298,0,53859,0,53859,111,151,262,262
5081,lux,Luxembourg,1951,1800,0,0,1800,0,1800,0,0,0,0
5082,lux,Luxembourg,1952,1800,0,0,1800,0,1800,0,0,0,0
5083,lux,Luxembourg,1953,1800,0,0,1800,0,1800,0,0,0,0
5084,lux,Luxembourg,1954,1800,0,0,1800,0,1800,0,0,0,0
5085,lux,Luxembourg,1955,1800,0,0,1800,0,1800,0,0,0,0
5086,lux,Luxembourg,1956,1900,0,0,1900,0,1900,0,0,0,0
5087,lux,Luxembourg,1957,1900,0,0,1900,0,1900,0,0,0,0
5088,lux,Luxembourg,1958,1900,0,0,1900,0,1900,0,0,0,0
5089,lux,Luxembourg,1959,1900,0,0,1900,0,1900,0,0,0,0
5090,lux,Luxembourg,1960,1900,0,0,1900,0,1900,0,0,0,0
5091,lux,Luxembourg,1961,1900,0,0,1900,0,1900,0,0,0,0
5092,lux,Luxembourg,1962,1900,0,0,1900,0,1900,0,0,0,0
5093,lux,Luxembourg,1963,1900,0,0,1900,0,1900,0,0,0,0
5094,lux,Luxembourg,1964,0,0,0,0,0,0,0,0,0,0
5095,lux,Luxembourg,1965,0,0,0,0,0,0,0,0,0,0
5096,lux,Luxembourg,1966,0,0,0,0,0,0,0,0,0,0
5097,lux,Luxembourg,1967,0,0,0,0,0,0,0,0,0,0
5098,lux,Luxembourg,1968,0,0,0,0,0,0,0,0,0,0
5099,lux,Luxembourg,1969,0,0,0,0,0,0,0,0,0,0
5100,lux,Luxembourg,1970,0,0,0,0,0,0,0,0,0,0
5101,lux,Luxembourg,1971,0,0,0,0,0,0,0,0,0,0
5102,lux,Luxembourg,1972,0,0,0,0,0,0,0,0,0,0
5103,lux,Luxembourg,1973,0,0,0,0,0,0,0,0,0,0
5104,lux,Luxembourg,1974,0,0,0,0,0,0,0,0,0,0
5105,lux,Luxembourg,1975,0,0,0,0,0,0,0,0,0,0
5106,lux,Luxembourg,1976,0,0,0,0,0,0,0,0,0,0
5107,lux,Luxembourg,1977,0,0,0,0,0,0,0,0,0,0
5108,lux,Luxembourg,1978,0,0,0,0,0,0,0,0,0,0
5109,lux,Luxembourg,1979,0,0,0,0,0,0,0,0,0,0
5110,lux,Luxembourg,1980,0,0,0,0,0,0,0,0,0,0
5111,lux,Luxembourg,1981,0,0,0,0,0,0,0,0,0,0
5112,lux,Luxembourg,1982,0,0,0,0,0,0,0,0,0,0
5113,lux,Luxembourg,1983,0,0,0,0,0,0,0,0,0,0
5114,lux,Luxembourg,1984,0,0,0,0,0,0,0,0,0,0
5115,lux,Luxembourg,1985,0,0,0,0,0,0,0,0,0,0
5116,lux,Luxembourg,1986,0,0,0,0,0,0,0,0,0,0
5117,lux,Luxembourg,1987,0,0,0,0,0,0,0,0,0,0
5118,lux,Luxembourg,1988,0,0,0,0,0,0,0,0,0,0
5119,lux,Luxembourg,1989,0,0,0,0,0,0,0,0,0,0
5120,lux,Luxembourg,1990,687,0,0,687,0,687,0,0,0,0
5121,lux,Luxembourg,1991,692,0,0,692,0,692,0,0,0,0
5122,lux,Luxembourg,1992,2208,0,0,2208,0,2208,0,0,0,0
5123,lux,Luxembourg,1993,225,0,0,225,0,225,0,0,0,0
5124,lux,Luxembourg,1994,300,0,0,300,0,300,0,0,0,0
5125,lux,Luxembourg,1995,700,0,0,700,0,700,0,0,0,0
5126,lux,Luxembourg,1996,700,0,0,700,0,700,0,0,0,0
5127,lux,Luxembourg,1997,700,0,0,700,0,700,0,0,0,0
5128,lux,Luxembourg,1998,700,0,0,700,0,700,0,0,0,0
5129,lux,Luxembourg,1999,700,0,0,700,0,700,0,0,0,0
5130,lux,Luxembourg,2000,759,0,0,759,0,759,0,0,0,0
5131,lux,Luxembourg,2001,1201,0,0,1201,0,1201,0,0,0,0
5132,lux,Luxembourg,2002,1201,0,0,1201,0,1201,0,0,0,0
5133,lux,Luxembourg,2003,1201,0,0,1201,0,1201,0,0,0,0
5134,lux,Luxembourg,2004,1590,0,0,1590,0,1590,0,0,0,0
5135,lux,Luxembourg,2005,1822,0,0,1822,0,1822,0,0,0,0
5136,lux,Luxembourg,2006,2206,50,0,2256,0,2256,0,0,0,0
5137,lux,Luxembourg,2007,2737,38,0,2775,0,2775,0,0,0,0
5138,lux,Luxembourg,2008,3109,29,0,3138,0,3138,0,0,0,0
5139,lux,Luxembourg,2009,3230,442,0,3672,0,3672,0,0,0,0
5140,lux,Luxembourg,2010,3254,660,0,3914,0,3914,0,0,0,0
5141,lux,Luxembourg,2011,2855,1694,0,4549,0,4549,0,0,0,0
5142,lux,Luxembourg,2012,2910,1239,0,4149,0,4149,0,0,0,0
5143,lux,Luxembourg,2013,901,1003,0,1904,0,1904,0,0,0,0
5144,lux,Luxembourg,2014,1091,1226,0,2317,0,2317,0,0,0,0
5145,lux,Luxembourg,2015,1306,2349,0,3655,0,3655,0,0,0,0
5146,lux,Luxembourg,2016,2020,2186,0,4206,0,4206,0,0,0,0
5147,lux,Luxembourg,2017,2020,1495,0,3515,0,3515,0,0,0,0
5148,lux,Luxembourg,2018,2020,1485,0,3505,0,3505,0,5,5,5
5149,lux,Luxembourg,2019,2548,1785,85,4418,0,4418,5,0,5,5
5150,lux,Luxembourg,2020,5158,1400,85,6643,0,6643,5,0,5,5
5151,lux,Luxembourg,2021,6011,1765,85,7861,0,7861,0,0,0,0
5152,lux,Luxembourg,2022,11952,2615,80,14647,0,14647,5,0,5,5
5153,lux,Luxembourg,2023,13735,3745,80,17560,0,17560,5,0,5,5
5154,lux,Luxembourg,2024,10059,4285,6,14350,0,14350,5,0,5,5
5155,mkd,"Macedonia, FYR",1992,32000,0,0,32000,0,32000,0,0,0,0
5156,mkd,"Macedonia, FYR",1993,31452,0,0,31452,0,31452,1895,0,1895,1895
5157,mkd,"Macedonia, FYR",1994,14891,0,0,14891,0,14891,346,0,346,346
5158,mkd,"Macedonia, FYR",1995,9048,0,0,9048,0,9048,12881,0,12881,12881
5159,mkd,"Macedonia, FYR",1996,5089,0,0,5089,0,5089,13039,0,13039,13039
5160,mkd,"Macedonia, FYR",1997,3500,0,0,3500,0,3500,12742,0,12742,12742
5161,mkd,"Macedonia, FYR",1998,1700,0,0,1700,0,1700,1934,0,1934,1934
5162,mkd,"Macedonia, FYR",1999,21200,0,0,21200,0,21200,2091,0,2091,2091
5163,mkd,"Macedonia, FYR",2000,9048,0,0,9048,0,9048,2175,505,2680,2680
5164,mkd,"Macedonia, FYR",2001,4362,53,0,4415,16371,20786,12192,2225,14417,30788
5165,mkd,"Macedonia, FYR",2002,2815,62,2130,5007,9442,14449,8102,2120,10222,19664
5166,mkd,"Macedonia, FYR",2003,191,2285,0,2476,0,2476,5981,1171,7152,7152
5167,mkd,"Macedonia, FYR",2004,1003,1232,6,2241,0,2241,5106,695,5801,5801
5168,mkd,"Macedonia, FYR",2005,1273,724,123,2120,0,2120,8603,702,9305,9305
5169,mkd,"Macedonia, FYR",2006,1239,205,479,1923,0,1923,7937,1604,9541,9541
5170,mkd,"Macedonia, FYR",2007,1234,166,454,1854,0,1854,8072,1102,9174,9174
5171,mkd,"Macedonia, FYR",2008,1671,95,0,1766,0,1766,7513,1074,8587,8587
5172,mkd,"Macedonia, FYR",2009,1541,68,0,1609,0,1609,7921,868,8789,8789
5173,mkd,"Macedonia, FYR",2010,1397,149,0,1546,0,1546,7880,2842,10722,10722
5174,mkd,"Macedonia, FYR",2011,1129,384,0,1513,0,1513,7677,2262,9939,9939
5175,mkd,"Macedonia, FYR",2012,1076,518,0,1594,0,1594,7582,4644,12269,12269
5176,mkd,"Macedonia, FYR",2013,980,1091,0,2071,0,2071,1622,6681,8310,8310
5177,mkd,"Macedonia, FYR",2014,880,1547,0,2427,0,2427,1752,7788,9540,9540
5178,mkd,"Macedonia, FYR",2015,697,15,0,712,0,712,1769,14609,16378,16378
5179,mkd,"Macedonia, FYR",2016,634,15,0,649,0,649,1730,7054,8784,8784
5180,mkd,"Macedonia, FYR",2017,414,26,0,440,0,440,1653,4038,5691,5691
5181,mkd,"Macedonia, FYR",2018,413,5,0,418,0,418,1721,3228,4949,4949
5182,mkd,"Macedonia, FYR",2019,354,75,0,429,0,429,1784,2526,4310,4310
5183,mkd,"Macedonia, FYR",2020,303,21,0,324,0,324,1576,1715,3301,3301
5184,mkd,"Macedonia, FYR",2021,292,25,25,342,116,458,1842,3982,5829,5945
5185,mkd,"Macedonia, FYR",2022,7065,19,11,7095,0,7095,1862,5185,7052,7052
5186,mkd,"Macedonia, FYR",2023,18898,39,33,18970,0,18970,1938,4689,6632,6632
5187,mkd,"Macedonia, FYR",2024,20911,26,48,20985,0,20985,2013,2468,4486,4486
5188,mdg,Madagascar,1994,73,0,0,73,0,73,0,0,0,0
5189,mdg,Madagascar,1995,0,0,0,0,0,0,77,0,77,77
5190,mdg,Madagascar,1996,0,0,0,0,0,0,76,0,76,76
5191,mdg,Madagascar,1997,0,0,0,0,0,0,74,0,74,74
5192,mdg,Madagascar,1998,0,0,0,0,0,0,66,0,66,66
5193,mdg,Madagascar,1999,28,0,0,28,0,28,53,0,53,53
5194,mdg,Madagascar,2000,50,0,0,50,0,50,51,15,66,66
5195,mdg,Madagascar,2001,34,0,0,34,0,34,36,5,41,41
5196,mdg,Madagascar,2002,0,0,0,0,0,0,52,15,67,67
5197,mdg,Madagascar,2003,0,0,0,0,0,0,86,29,115,115
5198,mdg,Madagascar,2004,0,0,0,0,0,0,132,14,146,146
5199,mdg,Madagascar,2005,0,0,0,0,0,0,201,15,216,216
5200,mdg,Madagascar,2006,0,0,0,0,0,0,258,22,280,280
5201,mdg,Madagascar,2007,0,0,0,0,0,0,282,5,287,287
5202,mdg,Madagascar,2008,0,0,0,0,0,0,278,20,298,298
5203,mdg,Madagascar,2009,0,0,0,0,0,0,271,31,302,302
5204,mdg,Madagascar,2010,0,0,0,0,0,0,266,18,284,284
5205,mdg,Madagascar,2011,5,0,0,5,0,5,287,11,298,298
5206,mdg,Madagascar,2012,5,0,0,5,0,5,299,27,326,326
5207,mdg,Madagascar,2013,11,0,0,11,0,11,298,168,466,466
5208,mdg,Madagascar,2014,11,5,0,16,0,16,279,200,484,484
5209,mdg,Madagascar,2015,6,10,0,16,0,16,285,166,456,456
5210,mdg,Madagascar,2016,22,27,0,49,0,49,292,53,350,350
5211,mdg,Madagascar,2017,39,57,0,96,0,96,292,73,370,370
5212,mdg,Madagascar,2018,39,90,0,129,0,129,298,111,409,409
5213,mdg,Madagascar,2019,113,128,0,241,0,241,298,264,562,562
5214,mdg,Madagascar,2020,112,189,0,301,0,301,268,338,606,606
5215,mdg,Madagascar,2021,165,122,10,297,0,297,425,373,808,808
5216,mdg,Madagascar,2022,119,114,12,245,0,245,494,567,1079,1079
5217,mdg,Madagascar,2023,49,938,19,1006,0,1006,558,276,860,860
5218,mdg,Madagascar,2024,83,1173,20,1276,0,1276,604,295,928,928
5219,mwi,Malawi,1966,0,0,0,0,0,0,150,0,150,150
5220,mwi,Malawi,1967,0,0,0,0,0,0,300,0,300,300
5221,mwi,Malawi,1968,0,0,0,0,0,0,140,0,140,140
5222,mwi,Malawi,1969,0,0,0,0,0,0,190,0,190,190
5223,mwi,Malawi,1970,0,0,0,0,0,0,250,0,250,250
5224,mwi,Malawi,1971,0,0,0,0,0,0,250,0,250,250
5225,mwi,Malawi,1972,0,0,0,0,0,0,250,0,250,250
5226,mwi,Malawi,1973,0,0,0,0,0,0,100,0,100,100
5227,mwi,Malawi,1974,0,0,0,0,0,0,80,0,80,80
5228,mwi,Malawi,1975,0,0,0,0,0,0,30350,0,30350,30350
5229,mwi,Malawi,1976,0,0,0,0,0,0,60,0,60,60
5230,mwi,Malawi,1977,0,0,0,0,0,0,1050,0,1050,1050
5231,mwi,Malawi,1978,0,0,0,0,0,0,310,0,310,310
5232,mwi,Malawi,1979,0,0,0,0,0,0,460,0,460,460
5233,mwi,Malawi,1980,0,0,0,0,0,0,420,0,420,420
5234,mwi,Malawi,1981,0,0,0,0,0,0,70,0,70,70
5235,mwi,Malawi,1982,0,0,0,0,0,0,240,0,240,240
5236,mwi,Malawi,1983,0,0,0,0,0,0,440,0,440,440
5237,mwi,Malawi,1984,0,0,0,0,0,0,440,0,440,440
5238,mwi,Malawi,1985,0,0,0,0,0,0,450,0,450,450
5239,mwi,Malawi,1986,100000,0,0,100000,0,100000,440,0,440,440
5240,mwi,Malawi,1987,401640,0,0,401640,0,401640,450,0,450,450
5241,mwi,Malawi,1988,628133,0,0,628133,0,628133,5,0,5,5
5242,mwi,Malawi,1989,822503,0,0,822503,0,822503,5,0,5,5
5243,mwi,Malawi,1990,926725,0,0,926725,0,926725,55,0,55,55
5244,mwi,Malawi,1991,981812,0,0,981812,0,981812,50,0,50,50
5245,mwi,Malawi,1992,1058498,0,0,1058498,0,1058498,50,0,50,50
5246,mwi,Malawi,1993,713605,0,0,713605,0,713605,43,0,43,43
5247,mwi,Malawi,1994,90242,0,0,90242,0,90242,60,0,60,60
5248,mwi,Malawi,1995,1018,0,0,1018,0,1018,37,0,37,37
5249,mwi,Malawi,1996,1267,0,0,1267,0,1267,40,0,40,40
5250,mwi,Malawi,1997,278,0,0,278,0,278,37,0,37,37
5251,mwi,Malawi,1998,1241,0,0,1241,0,1241,27,0,27,27
5252,mwi,Malawi,1999,1692,0,0,1692,0,1692,34,0,34,34
5253,mwi,Malawi,2000,3900,0,0,3900,0,3900,34,5,39,39
5254,mwi,Malawi,2001,6200,0,0,6200,0,6200,26,12,38,38
5255,mwi,Malawi,2002,2170,11065,0,13235,0,13235,48,147,195,195
5256,mwi,Malawi,2003,3208,8846,0,12054,0,12054,60,1450,1510,1510
5257,mwi,Malawi,2004,3682,3332,0,7014,0,7014,95,2937,3032,3032
5258,mwi,Malawi,2005,4241,5325,0,9566,0,9566,98,3846,3944,3944
5259,mwi,Malawi,2006,3943,5244,0,9187,0,9187,112,43,155,155
5260,mwi,Malawi,2007,2927,6776,0,9703,0,9703,93,8184,8277,8277
5261,mwi,Malawi,2008,4174,6538,0,10712,0,10712,103,8206,8309,8309
5262,mwi,Malawi,2009,5436,4600,0,10036,0,10036,126,42,168,168
5263,mwi,Malawi,2010,5738,9356,0,15094,0,15094,168,60,228,228
5264,mwi,Malawi,2011,6306,10542,0,16848,0,16848,216,2963,3179,3179
5265,mwi,Malawi,2012,6546,10110,0,16656,0,16656,273,4543,4816,4816
5266,mwi,Malawi,2013,5794,11136,0,16930,0,16930,323,4265,4588,4588
5267,mwi,Malawi,2014,5871,14493,0,20364,0,20364,356,3891,4247,4247
5268,mwi,Malawi,2015,9018,14467,0,23485,0,23485,429,5672,6101,6101
5269,mwi,Malawi,2016,9386,21022,0,30408,0,30408,427,3752,4179,4179
5270,mwi,Malawi,2017,8977,25987,357,35321,0,35321,434,3154,3588,3588
5271,mwi,Malawi,2018,13783,23135,320,37238,0,37238,472,2800,3272,3272
5272,mwi,Malawi,2019,14087,30293,239,44619,0,44619,514,2570,3084,3084
5273,mwi,Malawi,2020,14892,33129,244,48265,0,48265,514,2168,2682,2682
5274,mwi,Malawi,2021,21529,30904,240,52673,0,52673,513,2018,2531,2531
5275,mwi,Malawi,2022,35162,21263,135,56560,0,56560,499,1169,1668,1668
5276,mwi,Malawi,2023,35201,17695,5,52901,0,52901,531,1656,2187,2187
5277,mwi,Malawi,2024,35510,21149,5,56664,0,56664,570,2784,3354,3354
5278,mys,Malaysia,1977,96000,0,0,96000,0,96000,0,0,0,0
5279,mys,Malaysia,1978,141580,0,0,141580,0,141580,0,0,0,0
5280,mys,Malaysia,1979,124880,0,0,124880,0,124880,0,0,0,0
5281,mys,Malaysia,1980,104040,0,0,104040,0,104040,0,0,0,0
5282,mys,Malaysia,1981,103250,0,0,103250,0,103250,0,0,0,0
5283,mys,Malaysia,1982,99240,0,0,99240,0,99240,0,0,0,0
5284,mys,Malaysia,1983,110700,0,0,110700,0,110700,0,0,0,0
5285,mys,Malaysia,1984,109060,0,0,109060,0,109060,0,0,0,0
5286,mys,Malaysia,1985,105310,0,0,105310,0,105310,0,0,0,0
5287,mys,Malaysia,1986,99000,0,0,99000,0,99000,0,0,0,0
5288,mys,Malaysia,1987,99420,0,0,99420,0,99420,0,0,0,0
5289,mys,Malaysia,1988,104553,0,0,104553,0,104553,0,0,0,0
5290,mys,Malaysia,1989,110482,0,0,110482,0,110482,0,0,0,0
5291,mys,Malaysia,1990,14862,0,0,14862,0,14862,0,0,0,0
5292,mys,Malaysia,1991,13947,0,0,13947,0,13947,5,0,5,5
5293,mys,Malaysia,1992,11399,0,0,11399,0,11399,5,0,5,5
5294,mys,Malaysia,1993,145,0,0,145,0,145,5,0,5,5
5295,mys,Malaysia,1994,5298,0,0,5298,0,5298,83,0,83,83
5296,mys,Malaysia,1995,5279,0,0,5279,0,5279,82,0,82,82
5297,mys,Malaysia,1996,5305,0,0,5305,0,5305,105,0,105,105
5298,mys,Malaysia,1997,5277,0,0,5277,0,5277,88,0,88,88
5299,mys,Malaysia,1998,50603,0,0,50603,0,50603,87,0,87,87
5300,mys,Malaysia,1999,50509,0,0,50509,0,50509,83,0,83,83
5301,mys,Malaysia,2000,50477,21,0,50498,0,50498,79,240,319,319
5302,mys,Malaysia,2001,50456,238,0,50694,0,50694,77,312,389,389
5303,mys,Malaysia,2002,50614,1574,0,52188,0,52188,117,480,597,597
5304,mys,Malaysia,2003,7422,9199,62053,78674,0,78674,235,325,560,560
5305,mys,Malaysia,2004,24900,10313,62311,97524,0,97524,287,175,462,462
5306,mys,Malaysia,2005,33684,10829,61550,106063,0,106063,388,184,572,572
5307,mys,Malaysia,2006,37158,9173,61314,107645,0,107645,575,135,710,710
5308,mys,Malaysia,2007,32657,6834,61314,100805,0,100805,611,112,723,723
5309,mys,Malaysia,2008,36668,9322,61314,107304,0,107304,607,128,735,735
5310,mys,Malaysia,2009,66126,10253,61326,137705,0,137705,530,148,678,678
5311,mys,Malaysia,2010,81518,11317,80000,172835,0,172835,550,116,666,666
5312,mys,Malaysia,2011,86676,10918,80000,177594,0,177594,531,136,667,667
5313,mys,Malaysia,2012,90173,11623,80000,181796,0,181796,523,170,693,693
5314,mys,Malaysia,2013,97502,43007,80000,220509,0,220509,478,266,744,744
5315,mys,Malaysia,2014,99362,51217,80000,230579,0,230579,458,948,1406,1406
5316,mys,Malaysia,2015,94158,60393,80000,234551,0,234551,435,2823,3258,3258
5317,mys,Malaysia,2016,92256,56313,80000,228569,0,228569,453,6163,6616,6616
5318,mys,Malaysia,2017,103837,47509,80000,231346,0,231346,540,9478,10018,10018
5319,mys,Malaysia,2018,121305,41801,80000,243106,0,243106,817,15037,15854,15854
5320,mys,Malaysia,2019,129102,50619,55000,234721,0,234721,906,21259,22165,22165
5321,mys,Malaysia,2020,129902,49822,0,179724,0,179724,1058,21474,22532,22532
5322,mys,Malaysia,2021,132086,49372,55000,236458,0,236458,1182,20855,22037,22037
5323,mys,Malaysia,2022,134554,47433,55961,237948,0,237948,1359,19764,21123,21123
5324,mys,Malaysia,2023,135872,48571,55814,240257,0,240257,999,18810,19809,19809
5325,mys,Malaysia,2024,138417,52926,55866,247209,0,247209,1209,12779,13988,13988
5326,mdv,Maldives,2004,0,0,0,0,0,0,0,5,5,5
5327,mdv,Maldives,2005,0,0,0,0,0,0,10,0,10,10
5328,mdv,Maldives,2006,0,0,0,0,0,0,15,0,15,15
5329,mdv,Maldives,2007,0,0,0,0,0,0,15,0,15,15
5330,mdv,Maldives,2008,0,0,0,0,0,0,15,0,15,15
5331,mdv,Maldives,2009,0,0,0,0,0,0,15,0,15,15
5332,mdv,Maldives,2010,0,0,0,0,0,0,16,0,16,16
5333,mdv,Maldives,2011,0,0,0,0,0,0,21,0,21,21
5334,mdv,Maldives,2012,0,0,0,0,0,0,22,31,53,53
5335,mdv,Maldives,2013,0,0,0,0,0,0,30,24,54,54
5336,mdv,Maldives,2014,0,0,0,0,0,0,32,5,37,37
5337,mdv,Maldives,2015,0,0,0,0,0,0,39,28,67,67
5338,mdv,Maldives,2016,0,0,0,0,0,0,58,35,93,93
5339,mdv,Maldives,2017,0,0,0,0,0,0,64,34,98,98
5340,mdv,Maldives,2018,0,0,0,0,0,0,74,35,109,109
5341,mdv,Maldives,2019,0,0,0,0,0,0,75,11,86,86
5342,mdv,Maldives,2020,0,0,0,0,0,0,78,23,101,101
5343,mdv,Maldives,2021,0,0,0,0,0,0,80,21,101,101
5344,mdv,Maldives,2022,0,0,0,0,0,0,82,22,104,104
5345,mdv,Maldives,2023,0,0,0,0,0,0,70,27,97,97
5346,mdv,Maldives,2024,0,0,0,0,0,0,76,31,107,107
5347,mli,Mali,1971,60,0,0,60,0,60,0,0,0,0
5348,mli,Mali,1972,0,0,0,0,0,0,0,0,0,0
5349,mli,Mali,1973,0,0,0,0,0,0,0,0,0,0
5350,mli,Mali,1974,0,0,0,0,0,0,0,0,0,0
5351,mli,Mali,1975,0,0,0,0,0,0,0,0,0,0
5352,mli,Mali,1976,0,0,0,0,0,0,0,0,0,0
5353,mli,Mali,1977,0,0,0,0,0,0,0,0,0,0
5354,mli,Mali,1978,0,0,0,0,0,0,0,0,0,0
5355,mli,Mali,1979,0,0,0,0,0,0,0,0,0,0
5356,mli,Mali,1980,0,0,0,0,0,0,0,0,0,0
5357,mli,Mali,1981,0,0,0,0,0,0,0,0,0,0
5358,mli,Mali,1982,0,0,0,0,0,0,0,0,0,0
5359,mli,Mali,1983,0,0,0,0,0,0,0,0,0,0
5360,mli,Mali,1984,0,0,0,0,0,0,0,0,0,0
5361,mli,Mali,1985,0,0,0,0,0,0,0,0,0,0
5362,mli,Mali,1986,50,0,0,50,0,50,0,0,0,0
5363,mli,Mali,1987,50,0,0,50,0,50,0,0,0,0
5364,mli,Mali,1988,50,0,0,50,0,50,0,0,0,0
5365,mli,Mali,1989,50,0,0,50,0,50,0,0,0,0
5366,mli,Mali,1990,13411,0,0,13411,0,13411,0,0,0,0
5367,mli,Mali,1991,13120,0,0,13120,0,13120,14705,0,14705,14705
5368,mli,Mali,1992,13109,0,0,13109,0,13109,71190,0,71190,71190
5369,mli,Mali,1993,15224,0,0,15224,0,15224,98575,0,98575,98575
5370,mli,Mali,1994,15800,0,0,15800,3000,18800,172903,0,172903,175903
5371,mli,Mali,1995,17916,0,0,17916,0,17916,77218,0,77218,77218
5372,mli,Mali,1996,18234,0,0,18234,0,18234,55192,0,55192,55192
5373,mli,Mali,1997,12552,0,0,12552,0,12552,18014,0,18014,18014
5374,mli,Mali,1998,13594,0,0,13594,0,13594,3699,0,7199,7199
5375,mli,Mali,1999,8302,0,0,8302,0,8302,381,0,3881,3881
5376,mli,Mali,2000,8412,710,0,9122,0,9122,364,185,4049,4049
5377,mli,Mali,2001,8439,804,0,9243,0,9243,311,367,4178,4178
5378,mli,Mali,2002,9093,716,0,9809,0,9809,525,314,4339,4339
5379,mli,Mali,2003,10010,710,0,10720,0,10720,456,222,4178,4178
5380,mli,Mali,2004,11256,1081,0,12337,0,12337,476,191,4167,4167
5381,mli,Mali,2005,11232,1829,0,13061,0,13061,512,339,4351,4351
5382,mli,Mali,2006,10584,1879,0,12463,0,12463,586,411,4497,4497
5383,mli,Mali,2007,9202,1905,0,11107,0,11107,4489,625,5114,5114
5384,mli,Mali,2008,9574,1910,0,11484,0,11484,1751,738,2489,2489
5385,mli,Mali,2009,13532,1702,0,15234,0,15234,2927,759,3686,3686
5386,mli,Mali,2010,13552,1702,0,15254,0,15254,3659,385,4044,4044
5387,mli,Mali,2011,15618,2497,0,18115,0,18115,4289,389,4678,4678
5388,mli,Mali,2012,13930,236,0,14166,227930,242096,149930,1849,151779,379709
5389,mli,Mali,2013,14317,287,0,14604,254822,269426,152812,6529,159341,414163
5390,mli,Mali,2014,15193,633,0,15826,99816,115642,139249,12230,151479,251295
5391,mli,Mali,2015,15913,336,0,16249,61920,78169,154202,9874,164107,226027
5392,mli,Mali,2016,17510,299,0,17809,36690,54499,156415,9702,166140,202830
5393,mli,Mali,2017,17036,554,0,17590,38172,55762,150305,15086,165757,203929
5394,mli,Mali,2018,26538,917,0,27455,120298,147753,158267,10891,169158,289456
5395,mli,Mali,2019,26672,1004,0,27676,207751,235427,164466,8582,173053,380804
5396,mli,Mali,2020,47380,969,0,48349,332957,381306,164588,11131,175724,508681
5397,mli,Mali,2021,49975,863,0,50838,350110,400948,183392,24287,207705,557815
5398,mli,Mali,2022,60637,880,0,61517,379932,441449,225726,12360,238096,618028
5399,mli,Mali,2023,66443,273,0,66716,354739,421455,249046,14117,263173,617912
5400,mli,Mali,2024,135533,294,0,135827,360591,496418,354075,18463,372557,733148
5401,mlt,Malta,1993,505,0,0,505,0,505,0,0,0,0
5402,mlt,Malta,1994,424,0,0,424,0,424,7,0,7,7
5403,mlt,Malta,1995,410,0,0,410,0,410,13,0,13,13
5404,mlt,Malta,1996,357,0,0,357,0,357,18,0,18,18
5405,mlt,Malta,1997,334,0,0,334,0,334,14,0,14,14
5406,mlt,Malta,1998,291,0,0,291,0,291,15,0,15,15
5407,mlt,Malta,1999,271,0,0,271,0,271,23,0,23,23
5408,mlt,Malta,2000,191,10,0,201,0,201,17,5,22,22
5409,mlt,Malta,2001,175,53,0,228,0,228,7,5,12,12
5410,mlt,Malta,2002,311,23,0,334,0,334,7,5,12,12
5411,mlt,Malta,2003,894,54,0,948,0,948,6,8,14,14
5412,mlt,Malta,2004,1561,140,0,1701,0,1701,0,5,5,5
5413,mlt,Malta,2005,1942,147,0,2089,0,2089,0,0,0,0
5414,mlt,Malta,2006,2407,205,0,2612,0,2612,25,5,30,30
5415,mlt,Malta,2007,3003,862,0,3865,0,3865,10,0,10,10
5416,mlt,Malta,2008,4329,1223,0,5552,0,5552,10,0,10,10
5417,mlt,Malta,2009,5951,1824,0,7775,0,7775,10,0,10,10
5418,mlt,Malta,2010,6143,1282,0,7425,0,7425,5,0,5,5
5419,mlt,Malta,2011,6948,1448,0,8396,0,8396,5,0,5,5
5420,mlt,Malta,2012,8242,754,0,8996,0,8996,5,0,5,5
5421,mlt,Malta,2013,9900,900,0,10800,0,10800,5,0,5,5
5422,mlt,Malta,2014,6095,176,0,6271,0,6271,0,0,0,0
5423,mlt,Malta,2015,7068,574,0,7642,0,7642,0,5,5,5
5424,mlt,Malta,2016,7941,868,0,8809,0,8809,0,0,0,0
5425,mlt,Malta,2017,7994,1349,0,9343,0,9343,0,5,5,5
5426,mlt,Malta,2018,8579,1860,0,10439,0,10439,5,10,15,15
5427,mlt,Malta,2019,8908,3681,0,12589,0,12589,5,15,20,20
5428,mlt,Malta,2020,9168,4047,0,13215,0,13215,5,10,15,15
5429,mlt,Malta,2021,9335,3674,0,13009,0,13009,7,5,12,12
5430,mlt,Malta,2022,11098,2070,0,13168,0,13168,0,10,10,10
5431,mlt,Malta,2023,11724,815,0,12539,0,12539,0,6,6,6
5432,mlt,Malta,2024,7814,1470,171,9455,0,9455,10,10,20,20
5433,mhl,Marshall Islands,2013,0,0,0,0,0,0,5,5,10,10
5434,mhl,Marshall Islands,2014,0,0,0,0,0,0,5,6,11,11
5435,mhl,Marshall Islands,2015,0,0,0,0,0,0,5,6,11,11
5436,mhl,Marshall Islands,2016,0,0,0,0,0,0,5,0,5,5
5437,mhl,Marshall Islands,2017,0,0,0,0,0,0,7,0,7,7
5438,mhl,Marshall Islands,2018,0,0,0,0,0,0,7,0,7,7
5439,mhl,Marshall Islands,2019,0,0,0,0,0,0,7,0,7,7
5440,mhl,Marshall Islands,2020,0,0,0,0,0,0,7,50,57,57
5441,mhl,Marshall Islands,2021,0,0,0,0,0,0,7,0,7,7
5442,mhl,Marshall Islands,2022,0,0,0,0,0,0,0,0,0,0
5443,mhl,Marshall Islands,2023,0,0,0,0,0,0,0,5,5,5
5444,mhl,Marshall Islands,2024,0,0,0,0,0,0,0,10,10,10
5445,mrt,Mauritania,1987,50,0,0,50,0,50,0,0,0,0
5446,mrt,Mauritania,1988,0,0,0,0,0,0,0,0,0,0
5447,mrt,Mauritania,1989,15000,0,0,15000,0,15000,48236,0,48236,48236
5448,mrt,Mauritania,1990,60000,0,0,60000,0,60000,65995,0,65995,65995
5449,mrt,Mauritania,1991,35200,0,0,35200,0,35200,79874,0,79874,79874
5450,mrt,Mauritania,1992,37500,0,0,37500,0,37500,79594,0,79594,79594
5451,mrt,Mauritania,1993,51548,0,0,51548,0,51548,67887,0,67887,67887
5452,mrt,Mauritania,1994,82225,0,0,82225,0,82225,68039,0,68039,68039
5453,mrt,Mauritania,1995,34392,0,0,34392,0,34392,84310,0,84310,84310
5454,mrt,Mauritania,1996,15877,0,0,15877,0,15877,83231,0,83231,83231
5455,mrt,Mauritania,1997,7512,0,0,7512,0,7512,70294,0,70294,70294
5456,mrt,Mauritania,1998,26,0,3500,3526,0,3526,70221,0,70221,70221
5457,mrt,Mauritania,1999,221,0,29916,30137,0,30137,29942,0,29942,29942
5458,mrt,Mauritania,2000,350,41,29500,29891,0,29891,29742,1782,31524,31524
5459,mrt,Mauritania,2001,363,27,29500,29890,0,29890,29850,2557,32407,32407
5460,mrt,Mauritania,2002,398,15,29500,29913,0,29913,30130,2972,33102,33102
5461,mrt,Mauritania,2003,475,50,29500,30025,0,30025,30518,2872,33390,33390
5462,mrt,Mauritania,2004,473,110,29500,30083,0,30083,31104,2573,33677,33677
5463,mrt,Mauritania,2005,627,92,29500,30219,0,30219,31650,2297,33947,33947
5464,mrt,Mauritania,2006,771,92,29500,30363,0,30363,33420,1795,35215,35215
5465,mrt,Mauritania,2007,30465,18,0,30483,0,30483,33095,1001,34096,34096
5466,mrt,Mauritania,2008,27036,53,0,27089,0,27089,45592,773,46365,46365
5467,mrt,Mauritania,2009,26789,112,0,26901,0,26901,39134,891,40025,40025
5468,mrt,Mauritania,2010,26709,237,0,26946,0,26946,37721,753,38474,38474
5469,mrt,Mauritania,2011,26535,269,0,26804,0,26804,39919,579,40498,40498
5470,mrt,Mauritania,2012,80500,796,0,81296,0,81296,33747,3028,36775,36775
5471,mrt,Mauritania,2013,92766,839,0,93605,0,93605,34239,3843,38082,38082
5472,mrt,Mauritania,2014,75628,417,0,76045,0,76045,34103,6997,41105,41105
5473,mrt,Mauritania,2015,77390,492,0,77882,0,77882,34656,7474,42135,42135
5474,mrt,Mauritania,2016,74146,573,0,74719,0,74719,36263,7386,43654,43654
5475,mrt,Mauritania,2017,77424,746,0,78170,0,78170,36525,7543,44073,44073
5476,mrt,Mauritania,2018,83183,1126,0,84309,0,84309,37050,8121,45171,45171
5477,mrt,Mauritania,2019,84900,1540,0,86440,0,86440,37423,8580,46003,46003
5478,mrt,Mauritania,2020,93607,1960,0,95567,0,95567,37931,9252,47183,47183
5479,mrt,Mauritania,2021,101942,3369,0,105311,0,105311,39279,8705,47984,47984
5480,mrt,Mauritania,2022,100981,5389,0,106370,0,106370,36928,8558,45486,45486
5481,mrt,Mauritania,2023,112549,5927,0,118476,0,118476,37532,18772,56304,56304
5482,mrt,Mauritania,2024,155193,7084,0,162277,0,162277,38111,28422,66538,66538
5483,mus,Mauritius,1995,0,0,0,0,0,0,12,0,12,12
5484,mus,Mauritius,1996,0,0,0,0,0,0,10,0,10,10
5485,mus,Mauritius,1997,0,0,0,0,0,0,0,0,0,0
5486,mus,Mauritius,1998,0,0,0,0,0,0,12,0,12,12
5487,mus,Mauritius,1999,43,0,0,43,0,43,5,0,5,5
5488,mus,Mauritius,2000,0,0,0,0,0,0,29,15,44,44
5489,mus,Mauritius,2001,14,0,0,14,0,14,30,21,51,51
5490,mus,Mauritius,2002,0,0,0,0,0,0,39,18,57,57
5491,mus,Mauritius,2003,0,0,0,0,0,0,54,19,73,73
5492,mus,Mauritius,2004,0,0,0,0,0,0,15,11,26,26
5493,mus,Mauritius,2005,0,0,0,0,0,0,22,17,39,39
5494,mus,Mauritius,2006,0,0,0,0,0,0,75,21,96,96
5495,mus,Mauritius,2007,0,0,0,0,0,0,67,15,82,82
5496,mus,Mauritius,2008,0,0,0,0,0,0,20,21,41,41
5497,mus,Mauritius,2009,0,0,0,0,0,0,21,16,37,37
5498,mus,Mauritius,2010,0,0,0,0,0,0,25,40,65,65
5499,mus,Mauritius,2011,0,0,0,0,0,0,36,107,143,143
5500,mus,Mauritius,2012,0,0,0,0,0,0,57,114,171,171
5501,mus,Mauritius,2013,0,0,0,0,0,0,72,120,192,192
5502,mus,Mauritius,2014,0,0,0,0,0,0,91,151,242,242
5503,mus,Mauritius,2015,0,0,0,0,0,0,101,202,303,303
5504,mus,Mauritius,2016,0,5,0,5,0,5,106,203,309,309
5505,mus,Mauritius,2017,5,0,0,5,0,5,130,229,359,359
5506,mus,Mauritius,2018,16,0,0,16,0,16,156,294,450,450
5507,mus,Mauritius,2019,20,5,0,25,0,25,178,304,482,482
5508,mus,Mauritius,2020,20,0,0,20,0,20,176,338,514,514
5509,mus,Mauritius,2021,10,0,0,10,0,10,198,351,549,549
5510,mus,Mauritius,2022,0,0,0,0,0,0,208,428,636,636
5511,mus,Mauritius,2023,5,19,0,24,0,24,245,549,794,794
5512,mus,Mauritius,2024,10,72,0,82,0,82,263,631,894,894
5513,mex,Mexico,1970,3000,0,0,3000,0,3000,0,0,0,0
5514,mex,Mexico,1971,3000,0,0,3000,0,3000,0,0,0,0
5515,mex,Mexico,1972,3000,0,0,3000,0,3000,0,0,0,0
5516,mex,Mexico,1973,4000,0,0,4000,0,4000,0,0,0,0
5517,mex,Mexico,1974,3500,0,0,3500,0,3500,0,0,0,0
5518,mex,Mexico,1975,0,0,0,0,0,0,0,0,0,0
5519,mex,Mexico,1976,0,0,0,0,0,0,0,0,0,0
5520,mex,Mexico,1977,4000,0,0,4000,0,4000,0,0,0,0
5521,mex,Mexico,1978,5000,0,0,5000,0,5000,0,0,0,0
5522,mex,Mexico,1979,5770,0,0,5770,0,5770,0,0,0,0
5523,mex,Mexico,1980,44000,0,0,44000,0,44000,0,0,0,0
5524,mex,Mexico,1981,150000,0,0,150000,0,150000,0,0,0,0
5525,mex,Mexico,1982,167750,0,0,167750,0,167750,0,0,0,0
5526,mex,Mexico,1983,170000,0,0,170000,0,170000,0,0,0,0
5527,mex,Mexico,1984,175000,0,0,175000,0,175000,0,0,0,0
5528,mex,Mexico,1985,175000,0,0,175000,0,175000,0,0,0,0
5529,mex,Mexico,1986,175100,0,0,175100,0,175100,0,0,0,0
5530,mex,Mexico,1987,177090,0,0,177090,0,177090,0,0,0,0
5531,mex,Mexico,1988,356400,0,0,356400,0,356400,0,0,0,0
5532,mex,Mexico,1989,356507,0,0,356507,0,356507,0,0,0,0
5533,mex,Mexico,1990,356400,0,0,356400,0,356400,0,0,0,0
5534,mex,Mexico,1991,360170,0,0,360170,0,360170,0,0,0,0
5535,mex,Mexico,1992,360991,0,0,360991,0,360991,0,0,0,0
5536,mex,Mexico,1993,52472,0,0,52472,0,52472,0,0,0,0
5537,mex,Mexico,1994,47357,0,0,47357,0,47357,248,0,248,248
5538,mex,Mexico,1995,38717,0,0,38717,0,38717,361,0,361,361
5539,mex,Mexico,1996,34569,0,0,34569,0,34569,520,0,520,520
5540,mex,Mexico,1997,31892,0,0,31892,0,31892,663,0,663,663
5541,mex,Mexico,1998,28242,0,0,28242,0,28242,1011,0,1011,1011
5542,mex,Mexico,1999,24506,0,0,24506,0,24506,1358,0,1358,1358
5543,mex,Mexico,2000,18452,6,0,18458,0,18458,1288,13058,14346,14346
5544,mex,Mexico,2001,15452,10,0,15462,0,15462,1592,22473,24065,24065
5545,mex,Mexico,2002,12953,15,0,12968,0,12968,1668,30872,32540,32540
5546,mex,Mexico,2003,6068,66,0,6134,0,6134,1650,26460,28110,28110
5547,mex,Mexico,2004,4336,154,0,4490,0,4490,1740,18831,20571,20571
5548,mex,Mexico,2005,3212,142,0,3354,0,3354,2309,12614,14923,14923
5549,mex,Mexico,2006,3309,128,0,3437,0,3437,3301,11816,15117,15117
5550,mex,Mexico,2007,1603,44,0,1647,0,1647,5568,14761,20329,20329
5551,mex,Mexico,2008,1038,15,0,1053,0,1053,6160,17435,23595,23595
5552,mex,Mexico,2009,1215,87,0,1302,0,1302,6433,20402,26835,26835
5553,mex,Mexico,2010,1364,156,0,1520,0,1520,6809,9956,16765,16765
5554,mex,Mexico,2011,1647,611,0,2258,0,2258,7471,5328,12799,12799
5555,mex,Mexico,2012,1501,353,0,1854,0,1854,8438,3605,12043,12043
5556,mex,Mexico,2013,1814,1347,0,3161,0,3161,9396,12267,21663,21663
5557,mex,Mexico,2014,1820,2862,0,4682,0,4682,10672,29351,40023,40023
5558,mex,Mexico,2015,2904,1344,0,4248,0,4248,11340,46250,57590,57590
5559,mex,Mexico,2016,6178,2636,0,8814,0,8814,10387,64256,74643,74643
5560,mex,Mexico,2017,8993,10357,0,19350,0,19350,11679,85078,96757,96757
5561,mex,Mexico,2018,16530,23833,82993,123356,0,123356,12870,89794,102664,102664
5562,mex,Mexico,2019,28517,69451,140710,238678,0,238678,14621,101654,116275,116275
5563,mex,Mexico,2020,45434,83792,73635,202861,0,202861,15398,111728,127126,127126
5564,mex,Mexico,2021,73448,157150,165218,395816,0,395816,16403,117936,134339,134339
5565,mex,Mexico,2022,95579,210609,451532,757720,262411,1020131,17635,126428,144068,406479
5566,mex,Mexico,2023,124784,257396,69497,451677,262411,714088,21869,156309,178183,440594
5567,mex,Mexico,2024,150836,266710,94342,511888,262411,774299,39241,204729,243970,506381
5568,fsm,"Micronesia, Fed. Sts.",2002,0,0,0,0,0,0,0,5,5,5
5569,fsm,"Micronesia, Fed. Sts.",2003,0,0,0,0,0,0,0,5,5,5
5570,fsm,"Micronesia, Fed. Sts.",2004,0,0,0,0,0,0,0,5,5,5
5571,fsm,"Micronesia, Fed. Sts.",2005,0,0,0,0,0,0,0,0,0,0
5572,fsm,"Micronesia, Fed. Sts.",2006,0,0,0,0,0,0,0,0,0,0
5573,fsm,"Micronesia, Fed. Sts.",2007,0,0,0,0,0,0,0,0,0,0
5574,fsm,"Micronesia, Fed. Sts.",2008,0,0,0,0,0,0,0,0,0,0
5575,fsm,"Micronesia, Fed. Sts.",2009,0,0,0,0,0,0,0,0,0,0
5576,fsm,"Micronesia, Fed. Sts.",2010,0,0,0,0,0,0,0,0,0,0
5577,fsm,"Micronesia, Fed. Sts.",2011,0,0,0,0,0,0,0,0,0,0
5578,fsm,"Micronesia, Fed. Sts.",2012,0,0,0,0,0,0,0,0,0,0
5579,fsm,"Micronesia, Fed. Sts.",2013,0,0,0,0,0,0,0,0,0,0
5580,fsm,"Micronesia, Fed. Sts.",2014,0,0,0,0,0,0,0,0,0,0
5581,fsm,"Micronesia, Fed. Sts.",2015,5,10,0,15,0,15,0,6,6,6
5582,fsm,"Micronesia, Fed. Sts.",2016,5,0,0,5,0,5,0,0,0,0
5583,fsm,"Micronesia, Fed. Sts.",2017,0,0,0,0,0,0,0,0,0,0
5584,fsm,"Micronesia, Fed. Sts.",2018,0,0,0,0,0,0,0,0,0,0
5585,fsm,"Micronesia, Fed. Sts.",2019,0,0,0,0,0,0,0,0,0,0
5586,fsm,"Micronesia, Fed. Sts.",2020,0,0,0,0,0,0,0,0,0,0
5587,fsm,"Micronesia, Fed. Sts.",2021,0,0,0,0,0,0,0,0,0,0
5588,fsm,"Micronesia, Fed. Sts.",2022,0,0,0,0,0,0,0,5,5,5
5589,fsm,"Micronesia, Fed. Sts.",2023,0,0,0,0,0,0,0,0,0,0
5590,fsm,"Micronesia, Fed. Sts.",2024,0,0,0,0,0,0,0,5,5,5
5591,mda,Moldova,1993,0,0,0,0,0,0,5,0,5,5
5592,mda,Moldova,1994,0,0,0,0,0,0,455,0,455,455
5593,mda,Moldova,1995,0,0,0,0,0,0,524,0,524,524
5594,mda,Moldova,1996,0,0,0,0,0,0,5826,0,5826,5826
5595,mda,Moldova,1997,0,0,0,0,1278,1278,5137,0,5137,6415
5596,mda,Moldova,1998,0,0,0,0,1278,1278,2750,0,3167,4445
5597,mda,Moldova,1999,10,0,0,10,8080,8090,2405,0,2405,10485
5598,mda,Moldova,2000,64,187,0,251,8080,8331,2650,866,3516,11596
5599,mda,Moldova,2001,156,105,0,261,1000,1261,3731,2151,5882,6882
5600,mda,Moldova,2002,172,83,0,255,1000,1255,10121,1520,11641,12641
5601,mda,Moldova,2003,97,131,0,228,0,228,11141,978,12119,12119
5602,mda,Moldova,2004,51,184,0,235,0,235,11936,615,12551,12551
5603,mda,Moldova,2005,79,137,0,216,0,216,12065,569,12634,12634
5604,mda,Moldova,2006,157,60,0,217,0,217,11680,1272,12952,12952
5605,mda,Moldova,2007,140,63,0,203,0,203,4913,909,5822,5822
5606,mda,Moldova,2008,135,18,0,153,0,153,5551,879,6430,6430
5607,mda,Moldova,2009,131,45,0,176,0,176,5928,734,6662,6662
5608,mda,Moldova,2010,132,74,0,206,0,206,6204,635,6839,6839
5609,mda,Moldova,2011,131,42,0,173,0,173,6261,457,6718,6718
5610,mda,Moldova,2012,176,53,0,229,0,229,6148,430,6578,6578
5611,mda,Moldova,2013,237,62,0,299,0,299,2210,877,3087,3087
5612,mda,Moldova,2014,323,130,0,453,0,453,2230,1440,3670,3670
5613,mda,Moldova,2015,434,94,0,528,0,528,2289,3437,5726,5726
5614,mda,Moldova,2016,419,75,0,494,0,494,2316,4354,6670,6670
5615,mda,Moldova,2017,391,61,0,452,0,452,2339,3418,5757,5757
5616,mda,Moldova,2018,409,93,0,502,0,502,2397,4537,6934,6934
5617,mda,Moldova,2019,417,94,0,511,0,511,2427,5653,8080,8080
5618,mda,Moldova,2020,405,59,0,464,0,464,2206,5510,7716,7716
5619,mda,Moldova,2021,349,56,0,405,0,405,2190,6881,9071,9071
5620,mda,Moldova,2022,105374,3620,0,108994,0,108994,4799,7006,11810,11810
5621,mda,Moldova,2023,120947,556,0,121503,0,121503,5343,6410,11758,11758
5622,mda,Moldova,2024,135941,904,0,136845,0,136845,6236,5882,12123,12123
5623,mco,Monaco,2005,0,0,0,0,0,0,0,5,5,5
5624,mco,Monaco,2006,0,0,0,0,0,0,0,5,5,5
5625,mco,Monaco,2007,0,0,0,0,0,0,0,0,0,0
5626,mco,Monaco,2008,0,0,0,0,0,0,0,0,0,0
5627,mco,Monaco,2009,0,0,0,0,0,0,0,0,0,0
5628,mco,Monaco,2010,0,0,0,0,0,0,0,0,0,0
5629,mco,Monaco,2011,37,0,0,37,0,37,5,0,5,5
5630,mco,Monaco,2012,37,0,0,37,0,37,5,0,5,5
5631,mco,Monaco,2013,34,0,0,34,0,34,5,0,5,5
5632,mco,Monaco,2014,33,0,0,33,0,33,5,6,11,11
5633,mco,Monaco,2015,32,0,0,32,0,32,5,0,5,5
5634,mco,Monaco,2016,27,0,0,27,0,27,5,0,5,5
5635,mco,Monaco,2017,25,0,0,25,0,25,5,0,5,5
5636,mco,Monaco,2018,25,0,0,25,0,25,5,0,5,5
5637,mco,Monaco,2019,22,0,0,22,0,22,5,0,5,5
5638,mco,Monaco,2020,22,0,0,22,0,22,0,0,0,0
5639,mco,Monaco,2021,17,0,0,17,0,17,0,0,0,0
5640,mco,Monaco,2022,17,0,0,17,0,17,0,0,0,0
5641,mco,Monaco,2023,17,0,0,17,0,17,0,0,0,0
5642,mco,Monaco,2024,17,0,0,17,0,17,0,0,0,0
5643,mng,Mongolia,1996,0,0,0,0,0,0,5,0,5,5
5644,mng,Mongolia,1997,0,0,0,0,0,0,10,0,10,10
5645,mng,Mongolia,1998,0,0,0,0,0,0,17,0,17,17
5646,mng,Mongolia,1999,0,0,0,0,0,0,25,0,25,25
5647,mng,Mongolia,2000,0,0,0,0,0,0,25,597,622,622
5648,mng,Mongolia,2001,0,0,0,0,0,0,57,850,907,907
5649,mng,Mongolia,2002,0,0,0,0,0,0,277,1029,1306,1306
5650,mng,Mongolia,2003,0,0,0,0,0,0,324,693,1017,1017
5651,mng,Mongolia,2004,0,0,0,0,0,0,443,561,1004,1004
5652,mng,Mongolia,2005,0,0,0,0,0,0,655,645,1300,1300
5653,mng,Mongolia,2006,5,0,0,5,0,5,866,1853,2719,2719
5654,mng,Mongolia,2007,5,5,0,10,0,10,1103,1958,3061,3061
5655,mng,Mongolia,2008,11,0,0,11,0,11,1329,2069,3398,3398
5656,mng,Mongolia,2009,11,0,0,11,0,11,1490,2291,3781,3781
5657,mng,Mongolia,2010,12,0,0,12,0,12,1720,1788,3508,3508
5658,mng,Mongolia,2011,0,5,0,5,0,5,1982,1443,3425,3425
5659,mng,Mongolia,2012,5,11,0,16,0,16,2111,941,3052,3052
5660,mng,Mongolia,2013,8,5,0,13,0,13,2054,1255,3309,3309
5661,mng,Mongolia,2014,5,5,0,10,0,10,2162,2204,4366,4366
5662,mng,Mongolia,2015,11,5,0,16,0,16,2198,3529,5727,5727
5663,mng,Mongolia,2016,10,0,0,10,0,10,2282,3831,6113,6113
5664,mng,Mongolia,2017,5,5,5,15,0,15,2227,4169,6401,6401
5665,mng,Mongolia,2018,5,0,5,10,0,10,2249,4389,6643,6643
5666,mng,Mongolia,2019,0,5,10,15,0,15,2364,4057,6431,6431
5667,mng,Mongolia,2020,0,10,8,18,0,18,2277,4127,6412,6412
5668,mng,Mongolia,2021,0,5,5,10,0,10,2508,4673,7186,7186
5669,mng,Mongolia,2022,10,0,6,16,0,16,2413,4940,7359,7359
5670,mng,Mongolia,2023,10,0,5,15,0,15,2393,6327,8725,8725
5671,mng,Mongolia,2024,11,15,5,31,0,31,2501,7517,10034,10034
5672,mne,Montenegro,2006,6926,11,0,6937,16196,23133,136,123,259,16455
5673,mne,Montenegro,2007,8527,0,0,8527,16155,24682,555,295,850,17005
5674,mne,Montenegro,2008,24739,0,0,24739,0,24739,1280,180,1460,1460
5675,mne,Montenegro,2009,24017,7,0,24024,0,24024,2578,173,2751,2751
5676,mne,Montenegro,2010,16363,5,373,16741,0,16741,3243,181,3424,3424
5677,mne,Montenegro,2011,12871,34,3937,16842,0,16842,3699,300,4004,4004
5678,mne,Montenegro,2012,11193,108,5404,16705,0,16705,4052,371,4428,4428
5679,mne,Montenegro,2013,8471,189,8089,16749,0,16749,542,577,1129,1129
5680,mne,Montenegro,2014,6455,70,11021,17546,0,17546,601,1273,1874,1874
5681,mne,Montenegro,2015,1762,18,10822,12602,0,12602,646,3015,3661,3661
5682,mne,Montenegro,2016,970,73,11451,12494,0,12494,713,1132,1845,1845
5683,mne,Montenegro,2017,794,173,11703,12670,0,12670,704,770,1474,1474
5684,mne,Montenegro,2018,727,162,12293,13182,0,13182,715,633,1348,1348
5685,mne,Montenegro,2019,653,484,12275,13412,0,13412,659,606,1265,1265
5686,mne,Montenegro,2020,166,193,1094,1453,0,1453,530,634,1164,1164
5687,mne,Montenegro,2021,175,132,1093,1400,0,1400,623,809,1432,1432
5688,mne,Montenegro,2022,32438,167,476,33081,0,33081,612,955,1567,1567
5689,mne,Montenegro,2023,64733,174,213,65120,0,65120,631,1058,1689,1689
5690,mne,Montenegro,2024,18670,150,0,18820,0,18820,763,1058,1821,1821
5691,mar,Morocco,1951,3000,0,0,3000,0,3000,0,0,0,0
5692,mar,Morocco,1952,2900,0,0,2900,0,2900,0,0,0,0
5693,mar,Morocco,1953,2800,0,0,2800,0,2800,0,0,0,0
5694,mar,Morocco,1954,3500,0,0,3500,0,3500,0,0,0,0
5695,mar,Morocco,1955,0,0,0,0,0,0,0,0,0,0
5696,mar,Morocco,1956,0,0,0,0,0,0,0,0,0,0
5697,mar,Morocco,1957,0,0,0,0,0,0,0,0,0,0
5698,mar,Morocco,1958,2700,0,0,2700,0,2700,0,0,0,0
5699,mar,Morocco,1959,2700,0,0,2700,0,2700,0,0,0,0
5700,mar,Morocco,1960,2700,0,0,2700,0,2700,0,0,0,0
5701,mar,Morocco,1961,2900,0,0,2900,0,2900,0,0,0,0
5702,mar,Morocco,1962,2900,0,0,2900,0,2900,0,0,0,0
5703,mar,Morocco,1963,3200,0,0,3200,0,3200,0,0,0,0
5704,mar,Morocco,1964,3000,0,0,3000,0,3000,0,0,0,0
5705,mar,Morocco,1965,2360,0,0,2360,0,2360,0,0,0,0
5706,mar,Morocco,1966,2180,0,0,2180,0,2180,0,0,0,0
5707,mar,Morocco,1967,3000,0,0,3000,0,3000,0,0,0,0
5708,mar,Morocco,1968,1480,0,0,1480,0,1480,0,0,0,0
5709,mar,Morocco,1969,1440,0,0,1440,0,1440,0,0,0,0
5710,mar,Morocco,1970,1440,0,0,1440,0,1440,0,0,0,0
5711,mar,Morocco,1971,1430,0,0,1430,0,1430,0,0,0,0
5712,mar,Morocco,1972,1380,0,0,1380,0,1380,0,0,0,0
5713,mar,Morocco,1973,860,0,0,860,0,860,0,0,0,0
5714,mar,Morocco,1974,620,0,0,620,0,620,0,0,0,0
5715,mar,Morocco,1975,510,0,0,510,0,510,0,0,0,0
5716,mar,Morocco,1976,360,0,0,360,0,360,0,0,0,0
5717,mar,Morocco,1977,500,0,0,500,0,500,0,0,0,0
5718,mar,Morocco,1978,500,0,0,500,0,500,0,0,0,0
5719,mar,Morocco,1979,500,0,0,500,0,500,0,0,0,0
5720,mar,Morocco,1980,340,0,0,340,0,340,0,0,0,0
5721,mar,Morocco,1981,500,0,0,500,0,500,0,0,0,0
5722,mar,Morocco,1982,510,0,0,510,0,510,0,0,0,0
5723,mar,Morocco,1983,540,0,0,540,0,540,0,0,0,0
5724,mar,Morocco,1984,800,0,0,800,0,800,0,0,0,0
5725,mar,Morocco,1985,860,0,0,860,0,860,0,0,0,0
5726,mar,Morocco,1986,800,0,0,800,0,800,0,0,0,0
5727,mar,Morocco,1987,800,0,0,800,0,800,0,0,0,0
5728,mar,Morocco,1988,800,0,0,800,0,800,5,0,5,5
5729,mar,Morocco,1989,303,0,0,303,0,303,5,0,5,5
5730,mar,Morocco,1990,311,0,0,311,0,311,14,0,14,14
5731,mar,Morocco,1991,322,0,0,322,0,322,46,0,46,46
5732,mar,Morocco,1992,319,0,0,319,0,319,92,0,92,92
5733,mar,Morocco,1993,336,0,0,336,0,336,105,0,105,105
5734,mar,Morocco,1994,336,0,0,336,0,336,179,0,179,179
5735,mar,Morocco,1995,38,0,0,38,0,38,300,0,300,300
5736,mar,Morocco,1996,36,0,0,36,0,36,302,0,302,302
5737,mar,Morocco,1997,42,0,0,42,0,42,309,0,309,309
5738,mar,Morocco,1998,901,0,0,901,0,901,351,0,351,351
5739,mar,Morocco,1999,901,0,0,901,0,901,373,0,373,373
5740,mar,Morocco,2000,2107,0,0,2107,0,2107,394,183,577,577
5741,mar,Morocco,2001,2093,448,0,2541,0,2541,357,270,627,627
5742,mar,Morocco,2002,2127,111,0,2238,0,2238,1266,294,1560,1560
5743,mar,Morocco,2003,2119,174,0,2293,0,2293,1291,263,1554,1554
5744,mar,Morocco,2004,189,174,0,363,0,363,1313,251,1564,1564
5745,mar,Morocco,2005,210,1838,0,2048,0,2048,2914,449,3363,3363
5746,mar,Morocco,2006,495,1368,0,1863,0,1863,4699,582,5281,5281
5747,mar,Morocco,2007,779,667,0,1446,0,1446,4036,463,4499,4499
5748,mar,Morocco,2008,768,439,0,1207,0,1207,3520,526,4046,4046
5749,mar,Morocco,2009,776,315,0,1091,0,1091,2277,603,2880,2880
5750,mar,Morocco,2010,798,269,0,1067,0,1067,2276,832,3108,3108
5751,mar,Morocco,2011,736,602,0,1338,0,1338,2305,1134,3439,3439
5752,mar,Morocco,2012,745,2161,0,2906,0,2906,2394,1759,4153,4153
5753,mar,Morocco,2013,1458,3486,0,4944,0,4944,1290,2864,4169,4169
5754,mar,Morocco,2014,1205,1828,0,3033,0,3033,1523,3221,4757,4757
5755,mar,Morocco,2015,3899,1534,0,5433,0,5433,1760,5575,7346,7346
5756,mar,Morocco,2016,4762,1943,0,6705,0,6705,2240,7251,9500,9500
5757,mar,Morocco,2017,4703,2050,0,6753,0,6753,3089,6853,9957,9957
5758,mar,Morocco,2018,5932,1829,0,7761,0,7761,3873,8163,12056,12056
5759,mar,Morocco,2019,6642,3079,0,9721,0,9721,4642,8322,13224,13224
5760,mar,Morocco,2020,6505,7011,0,13516,0,13516,4467,8239,13108,13108
5761,mar,Morocco,2021,7272,10956,0,18228,0,18228,5385,12632,18116,18116
5762,mar,Morocco,2022,7907,10159,0,18066,0,18066,10435,18121,29925,29925
5763,mar,Morocco,2023,8295,11340,0,19635,0,19635,8827,17328,27035,27035
5764,mar,Morocco,2024,7470,11378,0,18848,0,18848,10609,20302,31142,31142
5765,moz,Mozambique,1964,0,0,0,0,0,0,10000,0,10000,10000
5766,moz,Mozambique,1965,0,0,0,0,0,0,17000,0,17000,17000
5767,moz,Mozambique,1966,0,0,0,0,0,0,20800,0,20800,20800
5768,moz,Mozambique,1967,0,0,0,0,0,0,27750,0,27750,27750
5769,moz,Mozambique,1968,0,0,0,0,0,0,33750,0,33750,33750
5770,moz,Mozambique,1969,0,0,0,0,0,0,43120,0,43120,43120
5771,moz,Mozambique,1970,0,0,0,0,0,0,60070,0,60070,60070
5772,moz,Mozambique,1971,0,0,0,0,0,0,60410,0,60410,60410
5773,moz,Mozambique,1972,0,0,0,0,0,0,64400,0,64400,64400
5774,moz,Mozambique,1973,0,0,0,0,0,0,69800,0,69800,69800
5775,moz,Mozambique,1974,0,0,0,0,0,0,80960,0,80960,80960
5776,moz,Mozambique,1975,44570,0,0,44570,0,44570,34750,0,34750,34750
5777,moz,Mozambique,1976,30000,0,0,30000,0,30000,580,0,580,580
5778,moz,Mozambique,1977,42460,0,0,42460,0,42460,120,0,120,120
5779,moz,Mozambique,1978,100000,0,0,100000,0,100000,130,0,130,130
5780,moz,Mozambique,1979,150000,0,0,150000,0,150000,370,0,370,370
5781,moz,Mozambique,1980,100,0,0,100,0,100,120,0,120,120
5782,moz,Mozambique,1981,100,0,0,100,0,100,5170,0,5170,5170
5783,moz,Mozambique,1982,130,0,0,130,0,130,20200,0,20200,20200
5784,moz,Mozambique,1983,900,0,0,900,0,900,50200,0,50200,50200
5785,moz,Mozambique,1984,820,0,0,820,0,820,51200,0,51200,51200
5786,moz,Mozambique,1985,710,0,0,710,0,710,72250,0,72250,72250
5787,moz,Mozambique,1986,660,0,0,660,0,660,193550,0,193550,193550
5788,moz,Mozambique,1987,400,0,0,400,0,400,635000,0,635000,635000
5789,moz,Mozambique,1988,390,0,0,390,0,390,921237,0,921237,921237
5790,moz,Mozambique,1989,400,0,0,400,0,400,1120756,0,1120756,1120756
5791,moz,Mozambique,1990,420,0,0,420,0,420,1247991,0,1247991,1247991
5792,moz,Mozambique,1991,420,0,0,420,0,420,1316635,0,1316635,1316635
5793,moz,Mozambique,1992,299,0,0,299,0,299,1445474,0,1445474,1445474
5794,moz,Mozambique,1993,202,0,0,202,0,202,1172548,0,1172548,1172548
5795,moz,Mozambique,1994,313,0,0,313,0,313,234495,0,234495,234495
5796,moz,Mozambique,1995,130,0,0,130,0,130,125561,0,125561,125561
5797,moz,Mozambique,1996,200,0,0,200,0,200,34656,0,34656,34656
5798,moz,Mozambique,1997,69,0,0,69,0,69,33652,0,33652,33652
5799,moz,Mozambique,1998,51,0,0,51,0,51,56,0,56,56
5800,moz,Mozambique,1999,219,0,0,219,0,219,26,0,26,26
5801,moz,Mozambique,2000,206,2266,0,2472,0,2472,24,0,24,24
5802,moz,Mozambique,2001,206,5304,0,5510,0,5510,45,12,57,57
5803,moz,Mozambique,2002,206,6972,0,7178,0,7178,129,50,179,179
5804,moz,Mozambique,2003,309,9215,0,9524,0,9524,106,168,274,274
5805,moz,Mozambique,2004,617,4886,0,5503,0,5503,94,310,404,404
5806,moz,Mozambique,2005,1949,4013,0,5962,0,5962,93,366,459,459
5807,moz,Mozambique,2006,2555,4313,0,6868,0,6868,216,6,222,222
5808,moz,Mozambique,2007,2760,4156,0,6916,0,6916,213,678,891,891
5809,moz,Mozambique,2008,3156,4449,0,7605,0,7605,198,678,876,876
5810,moz,Mozambique,2009,3536,4169,0,7705,0,7705,130,5,135,135
5811,moz,Mozambique,2010,4072,5902,0,9974,0,9974,120,11,131,131
5812,moz,Mozambique,2011,4074,9592,0,13666,0,13666,147,346,493,493
5813,moz,Mozambique,2012,4395,8192,0,12587,0,12587,155,865,1020,1020
5814,moz,Mozambique,2013,4443,10664,0,15107,0,15107,51,1427,1478,1478
5815,moz,Mozambique,2014,4534,13316,5,17855,0,17855,55,1408,1463,1463
5816,moz,Mozambique,2015,5624,14819,0,20443,0,20443,55,2193,2248,2248
5817,moz,Mozambique,2016,4663,12976,0,17639,15128,32767,48,5702,5750,20878
5818,moz,Mozambique,2017,4876,18795,0,23671,15128,38799,48,12581,12629,27757
5819,moz,Mozambique,2018,4910,21133,0,26043,0,26043,57,8977,9034,9034
5820,moz,Mozambique,2019,4713,20975,0,25688,180516,206204,77,8734,8811,189327
5821,moz,Mozambique,2020,4757,22442,0,27199,668038,695237,81,8674,8755,676793
5822,moz,Mozambique,2021,4797,24386,9,29192,744949,774141,90,8720,8819,753768
5823,moz,Mozambique,2022,4992,25919,580,31491,1028743,1060234,109,8581,8740,1037483
5824,moz,Mozambique,2023,5152,18438,1323,24913,582764,607677,117,8759,8885,591649
5825,moz,Mozambique,2024,5370,18880,2009,26259,577545,603804,114,8944,9067,586612
5826,mmr,Myanmar,1972,0,0,0,0,0,0,5700,0,5700,5700
5827,mmr,Myanmar,1973,0,0,0,0,0,0,0,0,0,0
5828,mmr,Myanmar,1974,0,0,0,0,0,0,0,0,0,0
5829,mmr,Myanmar,1975,0,0,0,0,0,0,0,0,0,0
5830,mmr,Myanmar,1976,0,0,0,0,0,0,0,0,0,0
5831,mmr,Myanmar,1977,0,0,0,0,0,0,0,0,0,0
5832,mmr,Myanmar,1978,0,0,0,0,0,0,160000,0,160000,160000
5833,mmr,Myanmar,1979,0,0,0,0,0,0,0,0,0,0
5834,mmr,Myanmar,1980,0,0,0,0,0,0,0,0,0,0
5835,mmr,Myanmar,1981,0,0,0,0,0,0,0,0,0,0
5836,mmr,Myanmar,1982,0,0,0,0,0,0,0,0,0,0
5837,mmr,Myanmar,1983,0,0,0,0,0,0,0,0,0,0
5838,mmr,Myanmar,1984,0,0,0,0,0,0,0,0,0,0
5839,mmr,Myanmar,1985,0,0,0,0,0,0,0,0,0,0
5840,mmr,Myanmar,1986,0,0,0,0,0,0,0,0,0,0
5841,mmr,Myanmar,1987,0,0,0,0,0,0,0,0,0,0
5842,mmr,Myanmar,1988,0,0,0,0,0,0,7,0,7,7
5843,mmr,Myanmar,1989,0,0,0,0,0,0,0,0,0,0
5844,mmr,Myanmar,1990,0,0,0,0,0,0,24,0,24,24
5845,mmr,Myanmar,1991,0,0,0,0,0,0,40052,0,40052,40052
5846,mmr,Myanmar,1992,0,0,0,0,0,0,245127,0,245127,245127
5847,mmr,Myanmar,1993,0,0,0,0,0,0,281571,0,281571,281571
5848,mmr,Myanmar,1994,0,0,0,0,0,0,204512,0,204512,204512
5849,mmr,Myanmar,1995,0,0,0,0,0,0,152301,0,152301,152301
5850,mmr,Myanmar,1996,0,0,0,0,0,0,143019,0,143019,143019
5851,mmr,Myanmar,1997,0,0,0,0,0,0,135771,0,135771,135771
5852,mmr,Myanmar,1998,0,0,0,0,0,0,133408,0,133408,133408
5853,mmr,Myanmar,1999,0,0,0,0,0,0,131661,0,131661,131661
5854,mmr,Myanmar,2000,0,0,0,0,0,0,137121,1013,138134,138134
5855,mmr,Myanmar,2001,0,0,0,0,0,0,145849,1128,146977,146977
5856,mmr,Myanmar,2002,0,0,0,0,0,0,148493,2034,150527,150527
5857,mmr,Myanmar,2003,0,0,0,0,0,0,151370,10560,166786,166786
5858,mmr,Myanmar,2004,0,0,0,0,0,0,160997,10503,172505,172505
5859,mmr,Myanmar,2005,0,0,0,0,0,0,164851,41127,205989,205989
5860,mmr,Myanmar,2006,0,0,0,0,58500,58500,202817,26311,229128,287628
5861,mmr,Myanmar,2007,0,0,0,0,67290,67290,191308,19009,210317,277607
5862,mmr,Myanmar,2008,0,0,0,0,67290,67290,184410,22328,206738,274028
5863,mmr,Myanmar,2009,0,0,0,0,67290,67290,406667,22577,429251,496541
5864,mmr,Myanmar,2010,0,0,0,0,62015,62015,415662,22268,437930,499945
5865,mmr,Myanmar,2011,0,0,0,0,339200,339200,414615,24101,438716,777916
5866,mmr,Myanmar,2012,0,0,0,0,430400,430400,415363,25622,440985,871385
5867,mmr,Myanmar,2013,0,0,0,0,372000,372000,479594,44959,524769,896769
5868,mmr,Myanmar,2014,0,0,0,0,376500,376500,479006,51339,530745,907245
5869,mmr,Myanmar,2015,0,0,0,0,451089,451089,451804,60632,512879,963968
5870,mmr,Myanmar,2016,0,0,0,0,375016,375016,490285,56023,546569,921585
5871,mmr,Myanmar,2017,0,0,0,0,353108,353108,1156742,41088,1197939,1551047
5872,mmr,Myanmar,2018,0,0,0,0,370306,370306,1145149,30459,1175706,1546012
5873,mmr,Myanmar,2019,0,0,0,0,312018,312018,1076826,37457,1114402,1426420
5874,mmr,Myanmar,2020,0,0,0,0,370320,370320,1103245,40207,1143603,1513923
5875,mmr,Myanmar,2021,0,0,0,0,671011,671011,1177327,43878,1221403,1892414
5876,mmr,Myanmar,2022,0,0,0,0,1504848,1504848,1251618,48701,1300640,2805488
5877,mmr,Myanmar,2023,0,0,0,0,2607645,2607645,1283426,54636,1338646,3946291
5878,mmr,Myanmar,2024,0,0,0,0,3513867,3513867,1322503,65946,1388962,4902829
5879,nam,Namibia,1966,0,0,0,0,0,0,180,0,180,180
5880,nam,Namibia,1967,0,0,0,0,0,0,230,0,230,230
5881,nam,Namibia,1968,0,0,0,0,0,0,1330,0,1330,1330
5882,nam,Namibia,1969,0,0,0,0,0,0,840,0,840,840
5883,nam,Namibia,1970,0,0,0,0,0,0,900,0,900,900
5884,nam,Namibia,1971,0,0,0,0,0,0,900,0,900,900
5885,nam,Namibia,1972,0,0,0,0,0,0,1000,0,1000,1000
5886,nam,Namibia,1973,0,0,0,0,0,0,3410,0,3410,3410
5887,nam,Namibia,1974,0,0,0,0,0,0,3420,0,3420,3420
5888,nam,Namibia,1975,0,0,0,0,0,0,3970,0,3970,3970
5889,nam,Namibia,1976,0,0,0,0,0,0,9020,0,9020,9020
5890,nam,Namibia,1977,0,0,0,0,0,0,12930,0,12930,12930
5891,nam,Namibia,1978,0,0,0,0,0,0,35760,0,35760,35760
5892,nam,Namibia,1979,0,0,0,0,0,0,40580,0,40580,40580
5893,nam,Namibia,1980,0,0,0,0,0,0,55620,0,55620,55620
5894,nam,Namibia,1981,0,0,0,0,0,0,74520,0,74520,74520
5895,nam,Namibia,1982,0,0,0,0,0,0,75170,0,75170,75170
5896,nam,Namibia,1983,0,0,0,0,0,0,75110,0,75110,75110
5897,nam,Namibia,1984,0,0,0,0,0,0,77550,0,77550,77550
5898,nam,Namibia,1985,0,0,0,0,0,0,76916,0,76916,76916
5899,nam,Namibia,1986,0,0,0,0,0,0,76966,0,76966,76966
5900,nam,Namibia,1987,0,0,0,0,0,0,75726,0,75726,75726
5901,nam,Namibia,1988,0,0,0,0,0,0,76591,0,76591,76591
5902,nam,Namibia,1989,0,0,0,0,0,0,3704,0,3704,3704
5903,nam,Namibia,1990,0,0,0,0,0,0,532,0,532,532
5904,nam,Namibia,1991,136,0,0,136,0,136,204,0,204,204
5905,nam,Namibia,1992,171,0,0,171,0,171,17,0,17,17
5906,nam,Namibia,1993,584,0,0,584,0,584,133,0,133,133
5907,nam,Namibia,1994,1145,0,0,1145,0,1145,65,0,65,65
5908,nam,Namibia,1995,1679,0,0,1679,0,1679,12,0,12,12
5909,nam,Namibia,1996,2198,0,0,2198,0,2198,13,0,13,13
5910,nam,Namibia,1997,2502,0,0,2502,0,2502,0,0,0,0
5911,nam,Namibia,1998,3816,0,0,3816,0,3816,1900,0,1900,1900
5912,nam,Namibia,1999,7612,0,0,7612,0,7612,702,0,702,702
5913,nam,Namibia,2000,27263,1141,0,28404,0,28404,2307,10,2317,2317
5914,nam,Namibia,2001,30886,1817,0,32703,0,32703,2295,150,2445,2445
5915,nam,Namibia,2002,21649,761,0,22410,0,22410,1298,179,1477,1477
5916,nam,Namibia,2003,19800,1989,0,21789,0,21789,1289,185,1474,1474
5917,nam,Namibia,2004,14773,2040,0,16813,0,16813,1307,184,1491,1491
5918,nam,Namibia,2005,5297,1064,0,6361,0,6361,1221,40,1261,1261
5919,nam,Namibia,2006,5454,1115,0,6569,0,6569,1196,14,1210,1210
5920,nam,Namibia,2007,6522,1201,0,7723,0,7723,1123,16,1139,1139
5921,nam,Namibia,2008,6794,1326,0,8120,0,8120,976,23,999,999
5922,nam,Namibia,2009,7160,1334,0,8494,0,8494,918,43,961,961
5923,nam,Namibia,2010,7249,1411,0,8660,0,8660,1013,345,1358,1358
5924,nam,Namibia,2011,6050,925,0,6975,0,6975,1067,1092,2159,2159
5925,nam,Namibia,2012,1808,1084,0,2892,0,2892,1097,571,1668,1668
5926,nam,Namibia,2013,2330,1153,1660,5143,0,5143,1138,276,1414,1414
5927,nam,Namibia,2014,1765,816,1660,4241,0,4241,1250,45,1295,1295
5928,nam,Namibia,2015,1730,1102,1703,4535,0,4535,1272,60,1368,1368
5929,nam,Namibia,2016,1747,1664,48,3459,0,3459,1363,130,1534,1534
5930,nam,Namibia,2017,2182,1889,7,4078,0,4078,1368,211,1584,1584
5931,nam,Namibia,2018,2394,1516,7,3917,0,3917,1331,332,1663,1663
5932,nam,Namibia,2019,3182,1906,7,5095,0,5095,459,756,1215,1215
5933,nam,Namibia,2020,3578,2214,7,5799,0,5799,457,841,1298,1298
5934,nam,Namibia,2021,3733,2747,65,6545,0,6545,441,915,1396,1396
5935,nam,Namibia,2022,4685,2512,71,7268,0,7268,317,1444,1801,1801
5936,nam,Namibia,2023,5157,1978,77,7212,0,7212,447,1603,2095,2095
5937,nam,Namibia,2024,5258,1317,58,6633,0,6633,646,897,1581,1581
5938,nru,Nauru,1999,0,0,0,0,0,0,5,0,5,5
5939,nru,Nauru,2000,0,0,0,0,0,0,5,0,5,5
5940,nru,Nauru,2001,0,0,0,0,0,0,0,0,0,0
5941,nru,Nauru,2002,0,0,0,0,0,0,0,0,0,0
5942,nru,Nauru,2003,0,0,0,0,0,0,5,0,5,5
5943,nru,Nauru,2004,0,0,0,0,0,0,0,0,0,0
5944,nru,Nauru,2005,0,0,0,0,0,0,0,0,0,0
5945,nru,Nauru,2006,0,0,0,0,0,0,0,0,0,0
5946,nru,Nauru,2007,0,0,0,0,0,0,0,0,0,0
5947,nru,Nauru,2008,0,0,0,0,0,0,0,0,0,0
5948,nru,Nauru,2009,0,0,0,0,0,0,0,0,0,0
5949,nru,Nauru,2010,0,0,0,0,0,0,0,0,0,0
5950,nru,Nauru,2011,0,0,0,0,0,0,0,5,5,5
5951,nru,Nauru,2012,0,379,0,379,0,379,0,0,0,0
5952,nru,Nauru,2013,0,533,0,533,0,533,0,0,0,0
5953,nru,Nauru,2014,386,730,0,1116,0,1116,0,0,0,0
5954,nru,Nauru,2015,508,309,0,817,0,817,0,0,0,0
5955,nru,Nauru,2016,508,309,0,817,0,817,0,0,0,0
5956,nru,Nauru,2017,964,126,0,1090,0,1090,0,0,0,0
5957,nru,Nauru,2018,964,416,0,1380,0,1380,0,0,0,0
5958,nru,Nauru,2019,755,415,0,1170,0,1170,0,15,15,15
5959,nru,Nauru,2020,1074,90,0,1164,0,1164,5,16,21,21
5960,nru,Nauru,2021,953,76,6,1035,0,1035,5,16,21,21
5961,nru,Nauru,2022,45,22,0,67,0,67,5,19,24,24
5962,nru,Nauru,2023,0,13,0,13,0,13,7,16,23,23
5963,nru,Nauru,2024,5,90,0,95,0,95,5,18,23,23
5964,npl,Nepal,1964,7000,0,0,7000,0,7000,0,0,0,0
5965,npl,Nepal,1965,7000,0,0,7000,0,7000,0,0,0,0
5966,npl,Nepal,1966,7000,0,0,7000,0,7000,0,0,0,0
5967,npl,Nepal,1967,7180,0,0,7180,0,7180,0,0,0,0
5968,npl,Nepal,1968,7730,0,0,7730,0,7730,0,0,0,0
5969,npl,Nepal,1969,7990,0,0,7990,0,7990,0,0,0,0
5970,npl,Nepal,1970,8060,0,0,8060,0,8060,0,0,0,0
5971,npl,Nepal,1971,7930,0,0,7930,0,7930,0,0,0,0
5972,npl,Nepal,1972,8000,0,0,8000,0,8000,0,0,0,0
5973,npl,Nepal,1973,8000,0,0,8000,0,8000,0,0,0,0
5974,npl,Nepal,1974,8100,0,0,8100,0,8100,0,0,0,0
5975,npl,Nepal,1975,8200,0,0,8200,0,8200,0,0,0,0
5976,npl,Nepal,1976,8300,0,0,8300,0,8300,0,0,0,0
5977,npl,Nepal,1977,8400,0,0,8400,0,8400,0,0,0,0
5978,npl,Nepal,1978,8500,0,0,8500,0,8500,0,0,0,0
5979,npl,Nepal,1979,8600,0,0,8600,0,8600,0,0,0,0
5980,npl,Nepal,1980,8700,0,0,8700,0,8700,0,0,0,0
5981,npl,Nepal,1981,8800,0,0,8800,0,8800,0,0,0,0
5982,npl,Nepal,1982,9800,0,0,9800,0,9800,0,0,0,0
5983,npl,Nepal,1983,10800,0,0,10800,0,10800,0,0,0,0
5984,npl,Nepal,1984,11800,0,0,11800,0,11800,0,0,0,0
5985,npl,Nepal,1985,12800,0,0,12800,0,12800,0,0,0,0
5986,npl,Nepal,1986,13800,0,0,13800,0,13800,0,0,0,0
5987,npl,Nepal,1987,14800,0,0,14800,0,14800,0,0,0,0
5988,npl,Nepal,1988,15800,0,0,15800,0,15800,0,0,0,0
5989,npl,Nepal,1989,16850,0,0,16850,0,16850,0,0,0,0
5990,npl,Nepal,1990,17800,0,0,17800,0,17800,0,0,0,0
5991,npl,Nepal,1991,28319,0,0,28319,0,28319,0,0,0,0
5992,npl,Nepal,1992,95251,0,0,95251,0,95251,0,0,0,0
5993,npl,Nepal,1993,105344,0,0,105344,0,105344,0,0,0,0
5994,npl,Nepal,1994,123270,0,0,123270,0,123270,5,0,5,5
5995,npl,Nepal,1995,124751,0,0,124751,0,124751,27,0,27,27
5996,npl,Nepal,1996,126814,0,0,126814,0,126814,44,0,44,44
5997,npl,Nepal,1997,129158,0,0,129158,0,129158,49,0,49,49
5998,npl,Nepal,1998,126104,0,0,126104,0,126104,95,0,95,95
5999,npl,Nepal,1999,127942,0,0,127942,0,127942,178,0,178,178
6000,npl,Nepal,2000,129234,9,0,129243,0,129243,227,444,671,671
6001,npl,Nepal,2001,130945,11,0,130956,0,130956,300,550,850,850
6002,npl,Nepal,2002,132432,8,0,132440,0,132440,899,606,1505,1505
6003,npl,Nepal,2003,123662,232,10704,134598,0,134598,1232,725,1957,1957
6004,npl,Nepal,2004,124920,655,10737,136312,0,136312,1414,1309,2723,2723
6005,npl,Nepal,2005,126432,1266,10928,138626,0,138626,2061,2417,4478,4478
6006,npl,Nepal,2006,128172,1477,10387,140036,100000,240036,2651,2424,5075,105075
6007,npl,Nepal,2007,130678,1632,141,132451,50000,182451,3364,2137,5501,55501
6008,npl,Nepal,2008,124826,975,59,125860,0,125860,4190,2093,6283,6283
6009,npl,Nepal,2009,108457,972,476,109905,0,109905,5101,1799,6905,6905
6010,npl,Nepal,2010,89804,937,571,91312,0,91312,5883,1160,7043,7043
6011,npl,Nepal,2011,72651,929,541,74121,0,74121,6845,2004,8849,8849
6012,npl,Nepal,2012,56263,17,446,56726,0,56726,7601,2511,10112,10112
6013,npl,Nepal,2013,46303,237,425,46965,0,46965,8098,3783,11881,11881
6014,npl,Nepal,2014,38490,134,386,39010,0,39010,8542,6644,15186,15186
6015,npl,Nepal,2015,32669,18,384,33071,0,33071,9051,8961,18012,18012
6016,npl,Nepal,2016,25249,71,849,26169,0,26169,8364,11531,20480,20480
6017,npl,Nepal,2017,21467,148,625,22240,0,22240,8415,13186,21983,21983
6018,npl,Nepal,2018,20804,51,542,21397,0,21397,8590,9074,17992,17992
6019,npl,Nepal,2019,19570,57,534,20161,0,20161,8034,9940,18319,18319
6020,npl,Nepal,2020,19555,42,560,20157,0,20157,7483,10309,18188,18188
6021,npl,Nepal,2021,19574,137,553,20264,0,20264,7029,11329,18721,18721
6022,npl,Nepal,2022,19560,154,558,20272,0,20272,7329,13004,20850,20850
6023,npl,Nepal,2023,19582,300,567,20449,0,20449,7229,17206,24791,24791
6024,npl,Nepal,2024,19598,276,553,20427,0,20427,7840,19619,27844,27844
6025,nld,Netherlands,1951,14200,0,0,14200,0,14200,0,0,0,0
6026,nld,Netherlands,1952,14100,0,0,14100,0,14100,0,0,0,0
6027,nld,Netherlands,1953,13900,0,0,13900,0,13900,0,0,0,0
6028,nld,Netherlands,1954,12400,0,0,12400,0,12400,0,0,0,0
6029,nld,Netherlands,1955,11400,0,0,11400,0,11400,0,0,0,0
6030,nld,Netherlands,1956,13600,0,0,13600,0,13600,0,0,0,0
6031,nld,Netherlands,1957,13500,0,0,13500,0,13500,0,0,0,0
6032,nld,Netherlands,1958,13000,0,0,13000,0,13000,0,0,0,0
6033,nld,Netherlands,1959,12800,0,0,12800,0,12800,0,0,0,0
6034,nld,Netherlands,1960,12000,0,0,12000,0,12000,0,0,0,0
6035,nld,Netherlands,1961,10000,0,0,10000,0,10000,0,0,0,0
6036,nld,Netherlands,1962,10000,0,0,10000,0,10000,0,0,0,0
6037,nld,Netherlands,1963,9500,0,0,9500,0,9500,0,0,0,0
6038,nld,Netherlands,1964,9500,0,0,9500,0,9500,0,0,0,0
6039,nld,Netherlands,1965,9000,0,0,9000,0,9000,0,0,0,0
6040,nld,Netherlands,1966,8500,0,0,8500,0,8500,0,0,0,0
6041,nld,Netherlands,1967,8000,0,0,8000,0,8000,0,0,0,0
6042,nld,Netherlands,1968,8000,0,0,8000,0,8000,0,0,0,0
6043,nld,Netherlands,1969,8000,0,0,8000,0,8000,0,0,0,0
6044,nld,Netherlands,1970,8524,0,0,8524,0,8524,0,0,0,0
6045,nld,Netherlands,1971,8600,0,0,8600,0,8600,0,0,0,0
6046,nld,Netherlands,1972,8830,0,0,8830,0,8830,0,0,0,0
6047,nld,Netherlands,1973,8400,0,0,8400,0,8400,0,0,0,0
6048,nld,Netherlands,1974,8015,0,0,8015,0,8015,0,0,0,0
6049,nld,Netherlands,1975,7850,0,0,7850,0,7850,0,0,0,0
6050,nld,Netherlands,1976,7900,0,0,7900,0,7900,0,0,0,0
6051,nld,Netherlands,1977,8000,0,0,8000,0,8000,0,0,0,0
6052,nld,Netherlands,1978,8000,0,0,8000,0,8000,0,0,0,0
6053,nld,Netherlands,1979,10000,0,0,10000,0,10000,0,0,0,0
6054,nld,Netherlands,1980,12000,0,0,12000,0,12000,0,0,0,0
6055,nld,Netherlands,1981,13000,0,0,13000,0,13000,0,0,0,0
6056,nld,Netherlands,1982,14000,0,0,14000,0,14000,0,0,0,0
6057,nld,Netherlands,1983,14500,0,0,14500,0,14500,0,0,0,0
6058,nld,Netherlands,1984,15000,0,0,15000,0,15000,0,0,0,0
6059,nld,Netherlands,1985,15500,0,0,15500,0,15500,0,0,0,0
6060,nld,Netherlands,1986,16000,0,0,16000,0,16000,0,0,0,0
6061,nld,Netherlands,1987,24000,0,0,24000,0,24000,0,0,0,0
6062,nld,Netherlands,1988,25963,0,0,25963,0,25963,0,0,0,0
6063,nld,Netherlands,1989,16971,0,0,16971,0,16971,0,0,0,0
6064,nld,Netherlands,1990,17337,0,0,17337,0,17337,0,0,0,0
6065,nld,Netherlands,1991,19020,0,0,19020,0,19020,0,0,0,0
6066,nld,Netherlands,1992,29721,0,0,29721,0,29721,0,0,0,0
6067,nld,Netherlands,1993,43521,0,0,43521,0,43521,0,0,0,0
6068,nld,Netherlands,1994,62152,0,0,62152,0,62152,75,0,75,75
6069,nld,Netherlands,1995,79949,0,0,79949,0,79949,86,0,86,86
6070,nld,Netherlands,1996,102573,0,0,102573,0,102573,97,0,97,97
6071,nld,Netherlands,1997,118057,0,0,118057,0,118057,77,0,77,77
6072,nld,Netherlands,1998,131481,0,0,131481,0,131481,57,0,57,57
6073,nld,Netherlands,1999,138633,0,0,138633,0,138633,29,0,29,29
6074,nld,Netherlands,2000,146174,84416,0,230590,0,230590,14,132,146,146
6075,nld,Netherlands,2001,151919,78496,0,230415,0,230415,5,87,92,92
6076,nld,Netherlands,2002,148349,58134,0,206483,0,206483,32,87,119,119
6077,nld,Netherlands,2003,140877,44635,0,185512,0,185512,38,90,128,128
6078,nld,Netherlands,2004,126792,28419,0,155211,0,155211,45,115,160,160
6079,nld,Netherlands,2005,118172,14617,0,132789,0,132789,155,40,195,195
6080,nld,Netherlands,2006,100565,13068,0,113633,0,113633,41,38,79,79
6081,nld,Netherlands,2007,86576,5840,0,92416,0,92416,44,22,66,66
6082,nld,Netherlands,2008,77589,9743,0,87332,0,87332,46,25,71,71
6083,nld,Netherlands,2009,75996,16228,0,92224,0,92224,44,25,69,69
6084,nld,Netherlands,2010,74948,13034,0,87982,0,87982,52,21,73,73
6085,nld,Netherlands,2011,74587,10406,0,84993,0,84993,61,42,103,103
6086,nld,Netherlands,2012,71893,10406,0,82299,0,82299,69,28,97,97
6087,nld,Netherlands,2013,74700,0,0,74700,0,74700,59,25,84,84
6088,nld,Netherlands,2014,82483,6914,0,89397,0,89397,63,40,103,103
6089,nld,Netherlands,2015,88518,28030,0,116548,0,116548,64,55,119,119
6090,nld,Netherlands,2016,101727,10369,0,112096,0,112096,32,42,74,74
6091,nld,Netherlands,2017,103843,5818,0,109661,0,109661,39,64,103,103
6092,nld,Netherlands,2018,101824,12303,0,114127,0,114127,41,91,132,132
6093,nld,Netherlands,2019,94417,15599,0,110016,0,110016,55,102,157,157
6094,nld,Netherlands,2020,95897,11882,0,107779,0,107779,51,83,134,134
6095,nld,Netherlands,2021,99585,17106,0,116691,0,116691,58,93,151,151
6096,nld,Netherlands,2022,237368,31594,0,268962,0,268962,56,140,196,196
6097,nld,Netherlands,2023,237767,43915,0,281682,0,281682,67,199,266,266
6098,nld,Netherlands,2024,263399,46840,0,310239,0,310239,136,258,394,394
6099,nzl,New Zealand,1967,3000,0,0,3000,0,3000,0,0,0,0
6100,nzl,New Zealand,1968,2000,0,0,2000,0,2000,0,0,0,0
6101,nzl,New Zealand,1969,2000,0,0,2000,0,2000,0,0,0,0
6102,nzl,New Zealand,1970,2000,0,0,2000,0,2000,0,0,0,0
6103,nzl,New Zealand,1971,0,0,0,0,0,0,0,0,0,0
6104,nzl,New Zealand,1972,0,0,0,0,0,0,0,0,0,0
6105,nzl,New Zealand,1973,0,0,0,0,0,0,0,0,0,0
6106,nzl,New Zealand,1974,0,0,0,0,0,0,0,0,0,0
6107,nzl,New Zealand,1975,0,0,0,0,0,0,0,0,0,0
6108,nzl,New Zealand,1976,0,0,0,0,0,0,0,0,0,0
6109,nzl,New Zealand,1977,0,0,0,0,0,0,0,0,0,0
6110,nzl,New Zealand,1978,10000,0,0,10000,0,10000,0,0,0,0
6111,nzl,New Zealand,1979,10000,0,0,10000,0,10000,0,0,0,0
6112,nzl,New Zealand,1980,10000,0,0,10000,0,10000,0,0,0,0
6113,nzl,New Zealand,1981,10600,0,0,10600,0,10600,0,0,0,0
6114,nzl,New Zealand,1982,10600,0,0,10600,0,10600,0,0,0,0
6115,nzl,New Zealand,1983,10600,0,0,10600,0,10600,0,0,0,0
6116,nzl,New Zealand,1984,4500,0,0,4500,0,4500,0,0,0,0
6117,nzl,New Zealand,1985,4600,0,0,4600,0,4600,0,0,0,0
6118,nzl,New Zealand,1986,4400,0,0,4400,0,4400,0,0,0,0
6119,nzl,New Zealand,1987,4200,0,0,4200,0,4200,0,0,0,0
6120,nzl,New Zealand,1988,4150,0,0,4150,0,4150,0,0,0,0
6121,nzl,New Zealand,1989,4666,0,0,4666,0,4666,0,0,0,0
6122,nzl,New Zealand,1990,4666,0,0,4666,0,4666,0,0,0,0
6123,nzl,New Zealand,1991,16760,0,0,16760,0,16760,0,0,0,0
6124,nzl,New Zealand,1992,17310,0,0,17310,0,17310,0,0,0,0
6125,nzl,New Zealand,1993,3942,0,0,3942,0,3942,0,0,0,0
6126,nzl,New Zealand,1994,3668,0,0,3668,0,3668,0,0,0,0
6127,nzl,New Zealand,1995,3766,0,0,3766,0,3766,0,0,0,0
6128,nzl,New Zealand,1996,3790,0,0,3790,0,3790,0,0,0,0
6129,nzl,New Zealand,1997,3652,0,0,3652,0,3652,0,0,0,0
6130,nzl,New Zealand,1998,4099,0,0,4099,0,4099,0,0,0,0
6131,nzl,New Zealand,1999,4801,0,0,4801,0,4801,0,0,0,0
6132,nzl,New Zealand,2000,4919,2337,0,7256,0,7256,0,0,0,0
6133,nzl,New Zealand,2001,5251,1917,0,7168,0,7168,0,5,5,5
6134,nzl,New Zealand,2002,5760,1320,0,7080,0,7080,0,5,5,5
6135,nzl,New Zealand,2003,5796,1019,0,6815,0,6815,0,5,5,5
6136,nzl,New Zealand,2004,5334,720,0,6054,0,6054,0,5,5,5
6137,nzl,New Zealand,2005,5298,370,0,5668,0,5668,5,5,10,10
6138,nzl,New Zealand,2006,4878,217,0,5095,0,5095,7,5,12,12
6139,nzl,New Zealand,2007,2715,149,0,2864,0,2864,12,5,17,17
6140,nzl,New Zealand,2008,2702,113,0,2815,0,2815,8,5,13,13
6141,nzl,New Zealand,2009,3285,203,0,3488,0,3488,9,0,9,9
6142,nzl,New Zealand,2010,2298,157,0,2455,0,2455,11,0,11,11
6143,nzl,New Zealand,2011,1916,201,0,2117,0,2117,13,6,19,19
6144,nzl,New Zealand,2012,1504,248,0,1752,0,1752,19,6,25,25
6145,nzl,New Zealand,2013,1388,291,0,1679,0,1679,15,6,21,21
6146,nzl,New Zealand,2014,1342,240,0,1582,0,1582,14,13,27,27
6147,nzl,New Zealand,2015,1313,139,0,1452,0,1452,16,7,23,23
6148,nzl,New Zealand,2016,1408,298,0,1706,0,1706,25,18,43,43
6149,nzl,New Zealand,2017,1465,391,0,1856,0,1856,34,27,61,61
6150,nzl,New Zealand,2018,1545,446,0,1991,0,1991,34,14,48,48
6151,nzl,New Zealand,2019,1709,558,0,2267,0,2267,34,27,61,61
6152,nzl,New Zealand,2020,1748,691,0,2439,0,2439,35,32,67,67
6153,nzl,New Zealand,2021,1794,711,0,2505,0,2505,33,69,102,102
6154,nzl,New Zealand,2022,1791,573,0,2364,0,2364,48,32,80,80
6155,nzl,New Zealand,2023,1837,1839,0,3676,0,3676,39,28,67,67
6156,nzl,New Zealand,2024,2063,3559,0,5622,0,5622,52,27,79,79
6157,nic,Nicaragua,1972,50,0,0,50,0,50,0,0,0,0
6158,nic,Nicaragua,1973,0,0,0,0,0,0,0,0,0,0
6159,nic,Nicaragua,1974,0,0,0,0,0,0,0,0,0,0
6160,nic,Nicaragua,1975,0,0,0,0,0,0,0,0,0,0
6161,nic,Nicaragua,1976,0,0,0,0,0,0,0,0,0,0
6162,nic,Nicaragua,1977,0,0,0,0,0,0,0,0,0,0
6163,nic,Nicaragua,1978,0,0,0,0,0,0,144800,0,144800,144800
6164,nic,Nicaragua,1979,0,0,0,0,0,0,16600,0,16600,16600
6165,nic,Nicaragua,1980,4100,0,0,4100,0,4100,960,0,960,960
6166,nic,Nicaragua,1981,21320,0,0,21320,0,21320,2500,0,2500,2500
6167,nic,Nicaragua,1982,23800,0,0,23800,0,23800,18970,0,18970,18970
6168,nic,Nicaragua,1983,18500,0,0,18500,0,18500,23520,0,23520,23520
6169,nic,Nicaragua,1984,18500,0,0,18500,0,18500,35020,0,35020,35020
6170,nic,Nicaragua,1985,17270,0,0,17270,0,17270,52650,0,52650,52650
6171,nic,Nicaragua,1986,8280,0,0,8280,0,8280,67550,0,67550,67550
6172,nic,Nicaragua,1987,9000,0,0,9000,0,9000,68540,0,68540,68540
6173,nic,Nicaragua,1988,16000,0,0,16000,0,16000,86563,0,86563,86563
6174,nic,Nicaragua,1989,15210,0,0,15210,0,15210,97698,0,97698,97698
6175,nic,Nicaragua,1990,16000,0,0,16000,0,16000,52617,0,52617,52617
6176,nic,Nicaragua,1991,14933,0,0,14933,0,14933,46789,0,46789,46789
6177,nic,Nicaragua,1992,14450,0,0,14450,0,14450,44275,0,44275,44275
6178,nic,Nicaragua,1993,5642,0,0,5642,0,5642,33056,0,33056,33056
6179,nic,Nicaragua,1994,314,0,0,314,0,314,28596,0,28596,28596
6180,nic,Nicaragua,1995,577,0,0,577,0,577,23936,0,23936,23936
6181,nic,Nicaragua,1996,557,0,0,557,0,557,22818,0,22818,22818
6182,nic,Nicaragua,1997,462,0,0,462,0,462,22495,0,22495,22495
6183,nic,Nicaragua,1998,471,0,0,471,0,471,21390,0,21390,21390
6184,nic,Nicaragua,1999,471,0,0,471,0,471,20572,0,20572,20572
6185,nic,Nicaragua,2000,330,10,0,340,0,340,5070,13136,18334,18334
6186,nic,Nicaragua,2001,322,15,0,337,0,337,4397,13173,17570,17570
6187,nic,Nicaragua,2002,324,15,0,339,0,339,4049,9936,13985,13985
6188,nic,Nicaragua,2003,300,15,0,315,0,315,3984,6855,10839,10839
6189,nic,Nicaragua,2004,288,0,0,288,0,288,1822,6243,8065,8065
6190,nic,Nicaragua,2005,222,0,0,222,0,222,1463,4423,5886,5886
6191,nic,Nicaragua,2006,195,5,0,200,0,200,1827,2300,4127,4127
6192,nic,Nicaragua,2007,182,19,0,201,0,201,1899,822,2721,2721
6193,nic,Nicaragua,2008,142,0,0,142,0,142,1533,466,1999,1999
6194,nic,Nicaragua,2009,115,0,0,115,0,115,1473,430,1903,1903
6195,nic,Nicaragua,2010,59,15,0,74,0,74,1426,154,1580,1580
6196,nic,Nicaragua,2011,80,10,0,90,0,90,1464,138,1602,1602
6197,nic,Nicaragua,2012,124,11,0,135,0,135,1526,121,1647,1647
6198,nic,Nicaragua,2013,184,15,0,199,0,199,1530,507,2037,2037
6199,nic,Nicaragua,2014,273,57,0,330,0,330,1580,718,2298,2298
6200,nic,Nicaragua,2015,325,126,0,451,0,451,1469,1237,2706,2706
6201,nic,Nicaragua,2016,325,338,0,663,0,663,1409,2125,3534,3534
6202,nic,Nicaragua,2017,322,407,0,729,0,729,1467,2722,4189,4189
6203,nic,Nicaragua,2018,321,126,357,804,0,804,1671,32265,33936,33936
6204,nic,Nicaragua,2019,322,126,510,958,0,958,4376,66869,71469,71469
6205,nic,Nicaragua,2020,311,126,563,1000,0,1000,8701,62085,72451,72451
6206,nic,Nicaragua,2021,313,126,588,1027,0,1027,11041,164019,204450,204450
6207,nic,Nicaragua,2022,312,124,578,1014,0,1014,16087,277663,359474,359474
6208,nic,Nicaragua,2023,311,124,583,1018,0,1018,25483,308032,338110,338110
6209,nic,Nicaragua,2024,0,0,0,0,0,0,30020,356201,395818,395818
6210,ner,Niger,1977,1500,0,0,1500,0,1500,0,0,0,0
6211,ner,Niger,1978,0,0,0,0,0,0,0,0,0,0
6212,ner,Niger,1979,0,0,0,0,0,0,0,0,0,0
6213,ner,Niger,1980,0,0,0,0,0,0,0,0,0,0
6214,ner,Niger,1981,0,0,0,0,0,0,0,0,0,0
6215,ner,Niger,1982,0,0,0,0,0,0,0,0,0,0
6216,ner,Niger,1983,0,0,0,0,0,0,0,0,0,0
6217,ner,Niger,1984,0,0,0,0,0,0,0,0,0,0
6218,ner,Niger,1985,0,0,0,0,0,0,0,0,0,0
6219,ner,Niger,1986,0,0,0,0,0,0,0,0,0,0
6220,ner,Niger,1987,0,0,0,0,0,0,0,0,0,0
6221,ner,Niger,1988,0,0,0,0,0,0,0,0,0,0
6222,ner,Niger,1989,0,0,0,0,0,0,0,0,0,0
6223,ner,Niger,1990,792,0,0,792,0,792,0,0,0,0
6224,ner,Niger,1991,1385,0,0,1385,0,1385,0,0,0,0
6225,ner,Niger,1992,3699,0,0,3699,0,3699,22006,0,22006,22006
6226,ner,Niger,1993,16686,0,0,16686,0,16686,22306,0,22306,22306
6227,ner,Niger,1994,15070,0,0,15070,0,15070,22019,0,22019,22019
6228,ner,Niger,1995,27620,0,0,27620,0,27620,10289,0,10289,10289
6229,ner,Niger,1996,25842,0,0,25842,0,25842,10359,0,10359,10359
6230,ner,Niger,1997,7374,0,0,7374,0,7374,2783,0,2783,2783
6231,ner,Niger,1998,3691,0,0,3691,0,3691,418,0,418,418
6232,ner,Niger,1999,350,0,0,350,0,350,508,0,508,508
6233,ner,Niger,2000,59,442,0,501,0,501,483,250,733,733
6234,ner,Niger,2001,79,442,0,521,0,521,478,415,893,893
6235,ner,Niger,2002,296,42,0,338,0,338,829,555,1384,1384
6236,ner,Niger,2003,333,27,0,360,0,360,716,452,1168,1168
6237,ner,Niger,2004,342,32,0,374,0,374,676,351,1027,1027
6238,ner,Niger,2005,297,41,0,338,0,338,642,581,1223,1223
6239,ner,Niger,2006,312,18,0,330,0,330,803,470,1273,1273
6240,ner,Niger,2007,318,14,0,332,0,332,817,261,1078,1078
6241,ner,Niger,2008,316,22,0,338,0,338,789,264,1053,1053
6242,ner,Niger,2009,326,30,0,356,0,356,812,283,1095,1095
6243,ner,Niger,2010,315,11,0,326,0,326,794,319,1113,1113
6244,ner,Niger,2011,301,113,0,414,0,414,805,290,1095,1095
6245,ner,Niger,2012,50509,99,0,50608,0,50608,824,354,1178,1178
6246,ner,Niger,2013,57657,76,35166,92899,0,92899,674,419,36259,36259
6247,ner,Niger,2014,77826,103,70000,147929,0,147929,728,535,1263,1263
6248,ner,Niger,2015,124717,103,70000,194820,137337,332157,1383,763,72146,209483
6249,ner,Niger,2016,166089,61,14678,180828,121391,302219,1230,838,16746,138137
6250,ner,Niger,2017,165729,278,14820,180827,129015,309842,1363,2399,18582,147597
6251,ner,Niger,2018,175413,3547,27142,206102,156137,362239,2715,2053,30499,186636
6252,ner,Niger,2019,179997,37896,32072,249965,191902,441867,3063,2420,35365,227267
6253,ner,Niger,2020,233293,3285,38127,274705,298458,573163,18853,4105,57282,355740
6254,ner,Niger,2021,249945,16501,50384,316830,224016,540846,21901,2686,61892,285908
6255,ner,Niger,2022,255307,46705,37591,339603,376809,716412,21946,2759,62301,439110
6256,ner,Niger,2023,269996,35570,45410,350976,335277,686253,24794,15517,85726,421003
6257,ner,Niger,2024,369836,51959,46590,468385,507438,975823,44119,10775,101489,608927
6258,nga,Nigeria,1968,0,0,0,0,0,0,51100,0,51100,51100
6259,nga,Nigeria,1969,0,0,0,0,0,0,2850,0,2850,2850
6260,nga,Nigeria,1970,0,0,0,0,0,0,0,0,0,0
6261,nga,Nigeria,1971,0,0,0,0,0,0,0,0,0,0
6262,nga,Nigeria,1972,0,0,0,0,0,0,0,0,0,0
6263,nga,Nigeria,1973,0,0,0,0,0,0,0,0,0,0
6264,nga,Nigeria,1974,0,0,0,0,0,0,0,0,0,0
6265,nga,Nigeria,1975,0,0,0,0,0,0,0,0,0,0
6266,nga,Nigeria,1976,50,0,0,50,0,50,0,0,0,0
6267,nga,Nigeria,1977,300,0,0,300,0,300,0,0,0,0
6268,nga,Nigeria,1978,370,0,0,370,0,370,0,0,0,0
6269,nga,Nigeria,1979,400,0,0,400,0,400,0,0,0,0
6270,nga,Nigeria,1980,100000,0,0,100000,0,100000,0,0,0,0
6271,nga,Nigeria,1981,89570,0,0,89570,0,89570,0,0,0,0
6272,nga,Nigeria,1982,5240,0,0,5240,0,5240,0,0,0,0
6273,nga,Nigeria,1983,4620,0,0,4620,0,4620,0,0,0,0
6274,nga,Nigeria,1984,4570,0,0,4570,0,4570,0,0,0,0
6275,nga,Nigeria,1985,5880,0,0,5880,0,5880,0,0,0,0
6276,nga,Nigeria,1986,4760,0,0,4760,0,4760,0,0,0,0
6277,nga,Nigeria,1987,5100,0,0,5100,0,5100,5,0,5,5
6278,nga,Nigeria,1988,5173,0,0,5173,0,5173,15,0,15,15
6279,nga,Nigeria,1989,3781,0,0,3781,0,3781,15,0,15,15
6280,nga,Nigeria,1990,3571,0,0,3571,0,3571,15,0,15,15
6281,nga,Nigeria,1991,3573,0,0,3573,0,3573,22,0,22,22
6282,nga,Nigeria,1992,4782,0,0,4782,0,4782,75,0,75,75
6283,nga,Nigeria,1993,4819,0,0,4819,0,4819,95,0,95,95
6284,nga,Nigeria,1994,6025,0,0,6025,0,6025,587,0,587,587
6285,nga,Nigeria,1995,8118,0,0,8118,0,8118,1942,0,1942,1942
6286,nga,Nigeria,1996,8486,0,0,8486,0,8486,4751,0,4751,4751
6287,nga,Nigeria,1997,9071,0,0,9071,0,9071,3043,0,3043,3043
6288,nga,Nigeria,1998,6782,0,0,6782,0,6782,3998,0,3998,3998
6289,nga,Nigeria,1999,6942,0,0,6942,0,6942,4440,0,4440,4440
6290,nga,Nigeria,2000,7271,0,0,7271,0,7271,5735,3457,9192,9192
6291,nga,Nigeria,2001,7201,137,0,7338,0,7338,6077,4133,10210,10210
6292,nga,Nigeria,2002,7353,25,0,7378,0,7378,24559,7651,32210,32210
6293,nga,Nigeria,2003,9173,1120,0,10293,0,10293,24414,14647,39061,39061
6294,nga,Nigeria,2004,8395,1077,0,9472,0,9472,23882,13254,37136,37136
6295,nga,Nigeria,2005,9017,407,3000,12424,0,12424,22123,14015,36138,36138
6296,nga,Nigeria,2006,8761,667,0,9428,0,9428,13242,8361,21603,21603
6297,nga,Nigeria,2007,8463,697,0,9160,0,9160,13898,9725,23623,23623
6298,nga,Nigeria,2008,10127,1216,0,11343,0,11343,14170,10449,24619,24619
6299,nga,Nigeria,2009,9129,1143,0,10272,0,10272,15609,9637,25246,25246
6300,nga,Nigeria,2010,8744,1809,0,10553,0,10553,15645,11912,27557,27557
6301,nga,Nigeria,2011,8803,1526,0,10329,0,10329,17140,10519,27659,27659
6302,nga,Nigeria,2012,3151,1038,0,4189,0,4189,18017,14159,32176,32176
6303,nga,Nigeria,2013,1688,812,0,2500,0,2500,31173,21332,52505,52505
6304,nga,Nigeria,2014,1237,848,0,2085,1188018,1190103,90936,30075,191024,1379042
6305,nga,Nigeria,2015,1387,385,0,1772,2172532,2174304,167973,51353,219345,2391877
6306,nga,Nigeria,2016,1357,464,0,1821,2219272,2221093,229290,66862,296168,2515440
6307,nga,Nigeria,2017,1910,8650,0,10560,1704080,1714640,238977,91924,330925,2035005
6308,nga,Nigeria,2018,34727,940,0,35667,2167925,2203592,276834,84624,362882,2530807
6309,nga,Nigeria,2019,54157,1032,0,55189,2195779,2250968,295578,112382,407967,2603746
6310,nga,Nigeria,2020,66056,2787,0,68843,2610278,2679121,352960,73233,426201,3036479
6311,nga,Nigeria,2021,77132,1658,0,78790,3084916,3163706,383660,83105,466783,3551699
6312,nga,Nigeria,2022,91275,1623,0,92898,3286881,3379779,391120,83402,474535,3761416
6313,nga,Nigeria,2023,69940,34170,326,104436,3313601,3418037,410308,68852,479169,3792770
6314,nga,Nigeria,2024,96387,30744,309,127440,3432959,3560399,467605,87289,554920,3987879
6315,prk,North Korea,1996,0,0,0,0,0,0,10,0,10,10
6316,prk,North Korea,1997,0,0,0,0,0,0,0,0,0,0
6317,prk,North Korea,1998,0,0,0,0,0,0,5,0,5,5
6318,prk,North Korea,1999,0,0,0,0,0,0,10,0,10,10
6319,prk,North Korea,2000,0,0,0,0,0,0,15,50,65,65
6320,prk,North Korea,2001,0,0,0,0,0,0,17,49,66,66
6321,prk,North Korea,2002,0,0,0,0,0,0,256,70,326,326
6322,prk,North Korea,2003,0,0,0,0,0,0,306,41,347,347
6323,prk,North Korea,2004,0,0,0,0,0,0,344,64,408,408
6324,prk,North Korea,2005,0,0,0,0,0,0,287,67,354,354
6325,prk,North Korea,2006,0,0,0,0,0,0,394,95,489,489
6326,prk,North Korea,2007,0,0,0,0,0,0,602,232,834,834
6327,prk,North Korea,2008,0,0,0,0,0,0,881,213,1094,1094
6328,prk,North Korea,2009,0,0,0,0,0,0,878,125,1003,1003
6329,prk,North Korea,2010,0,0,0,0,0,0,915,268,1183,1183
6330,prk,North Korea,2011,0,0,0,0,0,0,1046,550,1596,1596
6331,prk,North Korea,2012,0,0,0,0,0,0,1126,1023,2149,2149
6332,prk,North Korea,2013,0,0,0,0,0,0,1163,940,2103,2103
6333,prk,North Korea,2014,0,0,0,0,0,0,1275,233,1508,1508
6334,prk,North Korea,2015,0,0,0,0,0,0,1094,223,1317,1317
6335,prk,North Korea,2016,0,0,0,0,0,0,1419,526,1945,1945
6336,prk,North Korea,2017,0,0,0,0,0,0,1176,587,1763,1763
6337,prk,North Korea,2018,0,0,0,0,0,0,797,146,943,943
6338,prk,North Korea,2019,0,0,0,0,0,0,758,112,870,870
6339,prk,North Korea,2020,0,0,0,0,0,0,689,88,777,777
6340,prk,North Korea,2021,0,0,0,0,0,0,528,108,636,636
6341,prk,North Korea,2022,0,0,0,0,0,0,267,127,394,394
6342,prk,North Korea,2023,0,0,0,0,0,0,239,96,335,335
6343,prk,North Korea,2024,0,0,0,0,0,0,283,105,388,388
6344,nor,Norway,1951,2500,0,0,2500,0,2500,0,0,0,0
6345,nor,Norway,1952,2500,0,0,2500,0,2500,0,0,0,0
6346,nor,Norway,1953,2500,0,0,2500,0,2500,0,0,0,0
6347,nor,Norway,1954,2300,0,0,2300,0,2300,0,0,0,0
6348,nor,Norway,1955,2300,0,0,2300,0,2300,0,0,0,0
6349,nor,Norway,1956,2800,0,0,2800,0,2800,0,0,0,0
6350,nor,Norway,1957,3400,0,0,3400,0,3400,0,0,0,0
6351,nor,Norway,1958,3300,0,0,3300,0,3300,0,0,0,0
6352,nor,Norway,1959,3100,0,0,3100,0,3100,0,0,0,0
6353,nor,Norway,1960,3000,0,0,3000,0,3000,0,0,0,0
6354,nor,Norway,1961,3000,0,0,3000,0,3000,0,0,0,0
6355,nor,Norway,1962,3000,0,0,3000,0,3000,0,0,0,0
6356,nor,Norway,1963,3000,0,0,3000,0,3000,0,0,0,0
6357,nor,Norway,1964,0,0,0,0,0,0,0,0,0,0
6358,nor,Norway,1965,0,0,0,0,0,0,0,0,0,0
6359,nor,Norway,1966,0,0,0,0,0,0,0,0,0,0
6360,nor,Norway,1967,0,0,0,0,0,0,0,0,0,0
6361,nor,Norway,1968,0,0,0,0,0,0,0,0,0,0
6362,nor,Norway,1969,0,0,0,0,0,0,0,0,0,0
6363,nor,Norway,1970,2000,0,0,2000,0,2000,0,0,0,0
6364,nor,Norway,1971,3000,0,0,3000,0,3000,0,0,0,0
6365,nor,Norway,1972,3000,0,0,3000,0,3000,0,0,0,0
6366,nor,Norway,1973,3000,0,0,3000,0,3000,0,0,0,0
6367,nor,Norway,1974,3000,0,0,3000,0,3000,0,0,0,0
6368,nor,Norway,1975,3000,0,0,3000,0,3000,0,0,0,0
6369,nor,Norway,1976,1000,0,0,1000,0,1000,0,0,0,0
6370,nor,Norway,1977,6000,0,0,6000,0,6000,0,0,0,0
6371,nor,Norway,1978,6000,0,0,6000,0,6000,0,0,0,0
6372,nor,Norway,1979,6000,0,0,6000,0,6000,0,0,0,0
6373,nor,Norway,1980,6000,0,0,6000,0,6000,0,0,0,0
6374,nor,Norway,1981,6000,0,0,6000,0,6000,0,0,0,0
6375,nor,Norway,1982,6000,0,0,6000,0,6000,0,0,0,0
6376,nor,Norway,1983,10000,0,0,10000,0,10000,0,0,0,0
6377,nor,Norway,1984,10000,0,0,10000,0,10000,0,0,0,0
6378,nor,Norway,1985,11800,0,0,11800,0,11800,0,0,0,0
6379,nor,Norway,1986,13200,0,0,13200,0,13200,0,0,0,0
6380,nor,Norway,1987,15000,0,0,15000,0,15000,0,0,0,0
6381,nor,Norway,1988,10952,0,0,10952,0,10952,0,0,0,0
6382,nor,Norway,1989,18500,0,0,18500,0,18500,0,0,0,0
6383,nor,Norway,1990,19581,0,0,19581,0,19581,0,0,0,0
6384,nor,Norway,1991,29054,0,0,29054,0,29054,0,0,0,0
6385,nor,Norway,1992,29846,0,0,29846,0,29846,0,0,0,0
6386,nor,Norway,1993,38375,0,0,38375,0,38375,0,0,0,0
6387,nor,Norway,1994,44617,0,0,44617,0,44617,0,0,0,0
6388,nor,Norway,1995,47607,0,0,47607,0,47607,0,0,0,0
6389,nor,Norway,1996,48409,0,0,48409,0,48409,0,0,0,0
6390,nor,Norway,1997,47372,0,0,47372,0,47372,0,0,0,0
6391,nor,Norway,1998,45325,0,0,45325,0,45325,0,0,0,0
6392,nor,Norway,1999,43441,0,0,43441,0,43441,0,0,0,0
6393,nor,Norway,2000,47700,0,0,47700,0,47700,0,0,0,0
6394,nor,Norway,2001,50122,0,0,50122,0,50122,0,0,0,0
6395,nor,Norway,2002,50421,0,0,50421,0,50421,5,0,5,5
6396,nor,Norway,2003,46107,0,0,46107,0,46107,5,0,5,5
6397,nor,Norway,2004,44031,0,0,44031,0,44031,5,5,10,10
6398,nor,Norway,2005,43015,0,0,43015,0,43015,12,0,12,12
6399,nor,Norway,2006,43315,7924,0,51239,0,51239,0,0,0,0
6400,nor,Norway,2007,34499,6641,0,41140,0,41140,0,5,5,5
6401,nor,Norway,2008,36076,13593,0,49669,0,49669,0,0,0,0
6402,nor,Norway,2009,37806,16621,0,54427,0,54427,0,5,5,5
6403,nor,Norway,2010,40245,12443,0,52688,0,52688,0,0,0,0
6404,nor,Norway,2011,40671,11114,0,51785,0,51785,5,5,10,10
6405,nor,Norway,2012,42805,9317,0,52122,0,52122,5,5,10,10
6406,nor,Norway,2013,46088,6311,0,52399,0,52399,15,5,20,20
6407,nor,Norway,2014,47025,7148,0,54173,0,54173,15,0,15,15
6408,nor,Norway,2015,50377,25274,0,75651,0,75651,10,5,15,15
6409,nor,Norway,2016,59512,7505,0,67017,0,67017,10,15,25,25
6410,nor,Norway,2017,59230,2952,0,62182,0,62182,15,25,40,40
6411,nor,Norway,2018,57004,2246,0,59250,0,59250,5,11,16,16
6412,nor,Norway,2019,53882,1507,0,55389,0,55389,5,11,16,16
6413,nor,Norway,2020,49653,1083,0,50736,0,50736,5,15,20,20
6414,nor,Norway,2021,46042,1268,0,47310,0,47310,5,23,28,28
6415,nor,Norway,2022,75311,3313,0,78624,0,78624,5,15,20,20
6416,nor,Norway,2023,103606,4967,0,108573,0,108573,17,19,36,36
6417,nor,Norway,2024,123981,5913,0,129894,0,129894,22,37,59,59
6418,omn,Oman,1994,0,0,0,0,0,0,5,0,5,5
6419,omn,Oman,1995,0,0,0,0,0,0,9,0,9,9
6420,omn,Oman,1996,0,0,0,0,0,0,8,0,8,8
6421,omn,Oman,1997,0,0,0,0,0,0,8,0,8,8
6422,omn,Oman,1998,0,0,0,0,0,0,8,0,8,8
6423,omn,Oman,1999,0,0,0,0,0,0,8,0,8,8
6424,omn,Oman,2000,0,0,0,0,0,0,5,6,11,11
6425,omn,Oman,2001,0,21,0,21,0,21,5,5,10,10
6426,omn,Oman,2002,0,26,0,26,0,26,19,5,24,24
6427,omn,Oman,2003,0,21,0,21,0,21,5,0,5,5
6428,omn,Oman,2004,7,21,0,28,0,28,16,0,16,16
6429,omn,Oman,2005,7,0,0,7,0,7,10,0,10,10
6430,omn,Oman,2006,7,0,0,7,0,7,37,0,37,37
6431,omn,Oman,2007,7,35,0,42,0,42,44,5,49,49
6432,omn,Oman,2008,7,44,0,51,0,51,55,0,55,55
6433,omn,Oman,2009,26,12,0,38,0,38,63,5,68,68
6434,omn,Oman,2010,78,13,0,91,0,91,62,6,68,68
6435,omn,Oman,2011,83,45,0,128,0,128,58,0,58,58
6436,omn,Oman,2012,138,21,0,159,0,159,62,0,62,62
6437,omn,Oman,2013,138,80,0,218,0,218,20,0,20,20
6438,omn,Oman,2014,150,232,0,382,0,382,25,9,34,34
6439,omn,Oman,2015,244,190,0,434,0,434,36,16,52,52
6440,omn,Oman,2016,316,365,0,681,0,681,35,24,59,59
6441,omn,Oman,2017,308,398,0,706,0,706,39,22,61,61
6442,omn,Oman,2018,310,254,0,564,0,564,42,28,70,70
6443,omn,Oman,2019,308,254,0,562,0,562,42,59,101,101
6444,omn,Oman,2020,308,330,0,638,0,638,47,70,117,117
6445,omn,Oman,2021,295,497,0,792,0,792,53,71,124,124
6446,omn,Oman,2022,295,421,0,716,0,716,59,99,158,158
6447,omn,Oman,2023,300,421,0,721,0,721,95,82,177,177
6448,omn,Oman,2024,294,420,0,714,0,714,118,91,209,209
6449,pak,Pakistan,1974,0,0,0,0,0,0,0,0,0,0
6450,pak,Pakistan,1975,0,0,0,0,0,0,0,0,0,0
6451,pak,Pakistan,1976,0,0,0,0,0,0,0,0,0,0
6452,pak,Pakistan,1977,0,0,0,0,0,0,0,0,0,0
6453,pak,Pakistan,1978,0,0,0,0,0,0,0,0,0,0
6454,pak,Pakistan,1979,400000,0,0,400000,0,400000,0,0,0,0
6455,pak,Pakistan,1980,1428230,0,0,1428230,0,1428230,0,0,0,0
6456,pak,Pakistan,1981,2375330,0,0,2375330,0,2375330,0,0,0,0
6457,pak,Pakistan,1982,2877480,0,0,2877480,0,2877480,0,0,0,0
6458,pak,Pakistan,1983,2901360,0,0,2901360,0,2901360,0,0,0,0
6459,pak,Pakistan,1984,2500000,0,0,2500000,0,2500000,0,0,0,0
6460,pak,Pakistan,1985,2732440,0,0,2732440,0,2732440,0,0,0,0
6461,pak,Pakistan,1986,2882100,0,0,2882100,0,2882100,0,0,0,0
6462,pak,Pakistan,1987,3159000,0,0,3159000,0,3159000,0,0,0,0
6463,pak,Pakistan,1988,3257577,0,0,3257577,0,3257577,274,0,274,274
6464,pak,Pakistan,1989,3275715,0,0,3275715,0,3275715,409,0,409,409
6465,pak,Pakistan,1990,3255975,0,0,3255975,0,3255975,485,0,485,485
6466,pak,Pakistan,1991,3099891,0,0,3099891,0,3099891,523,0,523,523
6467,pak,Pakistan,1992,1629218,0,0,1629218,0,1629218,1088,0,1088,1088
6468,pak,Pakistan,1993,1479266,0,0,1479266,0,1479266,1420,0,1420,1420
6469,pak,Pakistan,1994,1055435,0,0,1055435,0,1055435,4431,0,4431,4431
6470,pak,Pakistan,1995,1202493,0,0,1202493,0,1202493,5277,0,5277,5277
6471,pak,Pakistan,1996,1202703,0,0,1202703,0,1202703,7499,0,7499,7499
6472,pak,Pakistan,1997,1202733,0,0,1202733,0,1202733,5983,0,5983,5983
6473,pak,Pakistan,1998,1202462,0,0,1202462,0,1202462,6860,0,6885,6885
6474,pak,Pakistan,1999,1202015,0,0,1202015,0,1202015,8011,0,8011,8011
6475,pak,Pakistan,2000,2001460,616,0,2002076,0,2002076,10134,7201,17335,17335
6476,pak,Pakistan,2001,2198792,575,0,2199367,0,2199367,12326,8004,20330,20330
6477,pak,Pakistan,2002,1227429,1597,0,1229026,0,1229026,23164,11371,34535,34535
6478,pak,Pakistan,2003,1124295,13702,0,1137997,0,1137997,24390,16839,41229,41229
6479,pak,Pakistan,2004,1290980,8147,0,1299127,0,1299127,25943,15796,41739,41739
6480,pak,Pakistan,2005,1084689,3413,0,1088102,0,1088102,29906,16438,46344,46344
6481,pak,Pakistan,2006,1044464,2668,0,1047132,0,1047132,25636,6763,32399,32399
6482,pak,Pakistan,2007,2035025,3121,0,2038146,0,2038146,31847,8600,40447,40447
6483,pak,Pakistan,2008,1780935,2950,0,1783885,155809,1939694,32391,6242,38633,194442
6484,pak,Pakistan,2009,1740709,2429,0,1743138,1894557,3637695,35129,4756,39885,1934442
6485,pak,Pakistan,2010,1900619,2093,0,1902712,952035,2854747,39979,19998,59977,1012012
6486,pak,Pakistan,2011,1702698,1617,0,1704315,452932,2157247,35948,13679,49627,502559
6487,pak,Pakistan,2012,1638452,3281,0,1641733,757996,2399729,49778,23704,73482,831478
6488,pak,Pakistan,2013,1616505,5384,0,1621889,747498,2369387,48676,47543,96219,843717
6489,pak,Pakistan,2014,1505521,5524,0,1511045,1375904,2886949,335947,44419,380366,1756270
6490,pak,Pakistan,2015,1561157,6437,0,1567594,1146108,2713702,297886,63955,361841,1507949
6491,pak,Pakistan,2016,1352551,4854,0,1357405,448956,1806361,105419,67700,173119,622075
6492,pak,Pakistan,2017,1393132,3487,0,1396619,174354,1570973,128914,76885,205799,380153
6493,pak,Pakistan,2018,1404008,5170,0,1409178,96384,1505562,132248,75337,207585,303969
6494,pak,Pakistan,2019,1419596,8528,0,1428124,100680,1528804,136902,66245,206018,306698
6495,pak,Pakistan,2020,1438940,9794,62,1448796,98898,1547694,133280,61429,197444,296342
6496,pak,Pakistan,2021,1491070,13429,5358,1509857,98898,1608755,132818,56687,195849,294747
6497,pak,Pakistan,2022,1743785,38277,37795,1819857,0,1819857,112357,59126,209462,209462
6498,pak,Pakistan,2023,1988231,61648,142,2050021,0,2050021,94481,72068,166748,166748
6499,pak,Pakistan,2024,1560480,198852,798631,2557963,3439,2561402,86285,82958,169567,173006
6500,plw,Palau,2009,11,0,0,11,0,11,0,0,0,0
6501,plw,Palau,2010,0,0,0,0,0,0,0,0,0,0
6502,plw,Palau,2011,0,0,0,0,0,0,0,0,0,0
6503,plw,Palau,2012,0,0,0,0,0,0,0,0,0,0
6504,plw,Palau,2013,0,0,0,0,0,0,0,5,5,5
6505,plw,Palau,2014,0,0,0,0,0,0,0,0,0,0
6506,plw,Palau,2015,0,0,0,0,0,0,0,0,0,0
6507,plw,Palau,2016,0,0,0,0,0,0,0,0,0,0
6508,plw,Palau,2017,0,0,0,0,0,0,0,5,5,5
6509,plw,Palau,2018,0,0,0,0,0,0,0,0,0,0
6510,plw,Palau,2019,0,0,0,0,0,0,0,0,0,0
6511,plw,Palau,2020,0,0,0,0,0,0,0,0,0,0
6512,plw,Palau,2021,0,0,0,0,0,0,0,0,0,0
6513,plw,Palau,2022,0,0,0,0,0,0,5,0,5,5
6514,plw,Palau,2023,0,0,0,0,0,0,5,0,5,5
6515,plw,Palau,2024,5,0,0,5,0,5,0,0,0,0
6516,pse,Palestine,1976,0,0,0,0,0,0,3200,0,3200,3200
6517,pse,Palestine,1977,0,0,0,0,0,0,0,0,0,0
6518,pse,Palestine,1978,0,0,0,0,0,0,0,0,0,0
6519,pse,Palestine,1979,0,0,0,0,0,0,0,0,0,0
6520,pse,Palestine,1980,0,0,0,0,0,0,0,0,0,0
6521,pse,Palestine,1981,0,0,0,0,0,0,0,0,0,0
6522,pse,Palestine,1982,0,0,0,0,0,0,9800,0,9800,9800
6523,pse,Palestine,1983,0,0,0,0,0,0,9110,0,9110,9110
6524,pse,Palestine,1984,0,0,0,0,0,0,0,0,0,0
6525,pse,Palestine,1985,0,0,0,0,0,0,31640,0,31640,31640
6526,pse,Palestine,1986,0,0,0,0,0,0,52705,0,52705,52705
6527,pse,Palestine,1987,0,0,0,0,0,0,2005,0,2005,2005
6528,pse,Palestine,1988,0,0,0,0,0,0,5014,0,5014,5014
6529,pse,Palestine,1989,0,0,0,0,0,0,8041,0,8041,8041
6530,pse,Palestine,1990,0,0,0,0,0,0,8521,0,8521,8521
6531,pse,Palestine,1991,0,0,0,0,0,0,65177,0,65177,65177
6532,pse,Palestine,1992,0,0,0,0,0,0,95343,0,95343,95343
6533,pse,Palestine,1993,0,0,0,0,0,0,81472,0,81472,81472
6534,pse,Palestine,1994,0,0,0,0,0,0,82559,0,82559,82559
6535,pse,Palestine,1995,0,0,0,0,0,0,72762,0,72762,72762
6536,pse,Palestine,1996,0,0,0,0,0,0,80202,0,80202,80202
6537,pse,Palestine,1997,0,0,0,0,0,0,76812,0,88812,88812
6538,pse,Palestine,1998,0,0,0,0,0,0,77517,0,89527,89527
6539,pse,Palestine,1999,0,0,0,0,0,0,100602,0,110602,110602
6540,pse,Palestine,2000,0,0,0,0,0,0,110641,538,117179,117179
6541,pse,Palestine,2001,0,0,0,0,0,0,349158,889,356047,356047
6542,pse,Palestine,2002,0,0,0,0,0,0,428775,999,435774,435774
6543,pse,Palestine,2003,0,0,0,0,0,0,350562,1074,357636,357636
6544,pse,Palestine,2004,0,0,0,0,0,0,349827,1024,356851,356851
6545,pse,Palestine,2005,0,0,0,0,0,0,349663,1053,356716,356716
6546,pse,Palestine,2006,0,0,0,0,0,0,334127,1386,341513,341513
6547,pse,Palestine,2007,0,0,0,0,0,0,341231,2416,343647,343647
6548,pse,Palestine,2008,0,0,0,0,0,0,340004,2648,342652,342652
6549,pse,Palestine,2009,0,0,0,0,0,0,95185,2488,97673,97673
6550,pse,Palestine,2010,0,0,0,0,0,0,93312,3194,96506,96506
6551,pse,Palestine,2011,0,0,0,0,0,0,94141,1760,95901,95901
6552,pse,Palestine,2012,0,0,0,0,0,0,94916,2423,97339,97339
6553,pse,Palestine,2013,0,0,0,0,0,0,96035,3336,102731,102731
6554,pse,Palestine,2014,0,0,0,0,0,0,97207,3636,104009,104009
6555,pse,Palestine,2015,0,0,0,0,0,0,98013,4315,104748,104748
6556,pse,Palestine,2016,0,0,0,0,0,0,97794,5980,105973,105973
6557,pse,Palestine,2017,0,0,0,0,0,0,99630,8859,110150,110150
6558,pse,Palestine,2018,0,0,0,0,0,0,100728,13461,115648,115648
6559,pse,Palestine,2019,0,0,0,0,0,0,96253,11537,108894,108894
6560,pse,Palestine,2020,0,0,0,0,0,0,100153,12456,113578,113578
6561,pse,Palestine,2021,0,0,0,0,0,0,103581,9645,114335,114335
6562,pse,Palestine,2022,0,0,0,0,0,0,104307,11295,118158,118158
6563,pse,Palestine,2023,0,0,0,0,0,0,41077,12387,56330,56330
6564,pse,Palestine,2024,0,0,0,0,0,0,43712,15720,62126,62126
6565,pan,Panama,1972,130,0,0,130,0,130,0,0,0,0
6566,pan,Panama,1973,0,0,0,0,0,0,0,0,0,0
6567,pan,Panama,1974,1150,0,0,1150,0,1150,0,0,0,0
6568,pan,Panama,1975,0,0,0,0,0,0,0,0,0,0
6569,pan,Panama,1976,0,0,0,0,0,0,0,0,0,0
6570,pan,Panama,1977,500,0,0,500,0,500,0,0,0,0
6571,pan,Panama,1978,1050,0,0,1050,0,1050,0,0,0,0
6572,pan,Panama,1979,1070,0,0,1070,0,1070,0,0,0,0
6573,pan,Panama,1980,3320,0,0,3320,0,3320,0,0,0,0
6574,pan,Panama,1981,1500,0,0,1500,0,1500,0,0,0,0
6575,pan,Panama,1982,1820,0,0,1820,0,1820,0,0,0,0
6576,pan,Panama,1983,1500,0,0,1500,0,1500,0,0,0,0
6577,pan,Panama,1984,1500,0,0,1500,0,1500,0,0,0,0
6578,pan,Panama,1985,1200,0,0,1200,0,1200,0,0,0,0
6579,pan,Panama,1986,1270,0,0,1270,0,1270,0,0,0,0
6580,pan,Panama,1987,1600,0,0,1600,0,1600,0,0,0,0
6581,pan,Panama,1988,1992,0,0,1992,0,1992,47,0,47,47
6582,pan,Panama,1989,1451,0,0,1451,0,1451,365,0,365,365
6583,pan,Panama,1990,1350,0,0,1350,0,1350,629,0,629,629
6584,pan,Panama,1991,914,0,0,914,0,914,640,0,640,640
6585,pan,Panama,1992,1007,0,0,1007,0,1007,652,0,652,652
6586,pan,Panama,1993,964,0,0,964,0,964,677,0,677,677
6587,pan,Panama,1994,972,0,0,972,0,972,486,0,486,486
6588,pan,Panama,1995,867,0,0,867,0,867,158,0,158,158
6589,pan,Panama,1996,864,0,0,864,0,864,146,0,146,146
6590,pan,Panama,1997,618,0,0,618,0,618,123,0,123,123
6591,pan,Panama,1998,1179,0,0,1179,0,1179,86,0,86,86
6592,pan,Panama,1999,1315,0,0,1315,0,1315,73,0,73,73
6593,pan,Panama,2000,1307,85,0,1392,0,1392,70,50,120,120
6594,pan,Panama,2001,1471,53,0,1524,0,1524,36,72,108,108
6595,pan,Panama,2002,1565,82,93,1740,0,1740,44,108,152,152
6596,pan,Panama,2003,1436,95,301,1832,0,1832,29,89,118,118
6597,pan,Panama,2004,1596,260,0,1856,0,1856,38,70,108,108
6598,pan,Panama,2005,1717,426,10265,12408,0,12408,41,59,100,100
6599,pan,Panama,2006,1835,241,13500,15576,0,15576,72,18,90,90
6600,pan,Panama,2007,16877,524,0,17401,0,17401,105,29,134,134
6601,pan,Panama,2008,16906,596,0,17502,0,17502,106,36,142,142
6602,pan,Panama,2009,16917,778,0,17695,0,17695,102,41,143,143
6603,pan,Panama,2010,17066,469,0,17535,0,17535,94,51,145,145
6604,pan,Panama,2011,17249,782,0,18031,0,18031,98,31,129,129
6605,pan,Panama,2012,17414,357,0,17771,0,17771,107,31,138,138
6606,pan,Panama,2013,17650,624,0,18274,0,18274,99,27,126,126
6607,pan,Panama,2014,17256,1395,0,18651,0,18651,83,28,111,111
6608,pan,Panama,2015,17304,2929,0,20233,0,20233,62,59,121,121
6609,pan,Panama,2016,17332,4465,0,21797,0,21797,33,81,114,114
6610,pan,Panama,2017,2417,7289,48900,58606,0,58606,36,126,162,162
6611,pan,Panama,2018,2501,13602,0,16103,0,16103,44,141,185,185
6612,pan,Panama,2019,2536,17673,0,20209,0,20209,45,240,285,285
6613,pan,Panama,2020,2562,12892,0,15454,0,15454,70,315,385,385
6614,pan,Panama,2021,2542,11630,0,14172,0,14172,118,512,630,630
6615,pan,Panama,2022,2576,8475,248284,259335,0,259335,140,1017,1157,1157
6616,pan,Panama,2023,2724,8419,96324,107467,0,107467,233,1891,2124,2124
6617,pan,Panama,2024,2658,8143,68874,79675,0,79675,333,2627,2960,2960
6618,png,Papua New Guinea,1978,1000,0,0,1000,0,1000,0,0,0,0
6619,png,Papua New Guinea,1979,1000,0,0,1000,0,1000,0,0,0,0
6620,png,Papua New Guinea,1980,1000,0,0,1000,0,1000,0,0,0,0
6621,png,Papua New Guinea,1981,150,0,0,150,0,150,0,0,0,0
6622,png,Papua New Guinea,1982,2200,0,0,2200,0,2200,0,0,0,0
6623,png,Papua New Guinea,1983,1230,0,0,1230,0,1230,0,0,0,0
6624,png,Papua New Guinea,1984,10950,0,0,10950,0,10950,0,0,0,0
6625,png,Papua New Guinea,1985,11750,0,0,11750,0,11750,0,0,0,0
6626,png,Papua New Guinea,1986,11290,0,0,11290,0,11290,0,0,0,0
6627,png,Papua New Guinea,1987,9620,0,0,9620,0,9620,0,0,0,0
6628,png,Papua New Guinea,1988,9241,0,0,9241,0,9241,0,0,0,0
6629,png,Papua New Guinea,1989,7732,0,0,7732,0,7732,0,0,0,0
6630,png,Papua New Guinea,1990,7099,0,0,7099,0,7099,0,0,0,0
6631,png,Papua New Guinea,1991,6098,0,0,6098,0,6098,0,0,0,0
6632,png,Papua New Guinea,1992,6686,0,0,6686,0,6686,0,0,0,0
6633,png,Papua New Guinea,1993,7670,0,0,7670,0,7670,0,0,0,0
6634,png,Papua New Guinea,1994,8461,0,0,8461,0,8461,0,0,0,0
6635,png,Papua New Guinea,1995,9600,0,0,9600,0,9600,2000,0,2000,2000
6636,png,Papua New Guinea,1996,10175,0,0,10175,0,10175,2006,0,2006,2006
6637,png,Papua New Guinea,1997,8198,0,0,8198,0,8198,806,0,806,806
6638,png,Papua New Guinea,1998,8198,0,0,8198,0,8198,216,0,216,216
6639,png,Papua New Guinea,1999,6664,0,0,6664,0,6664,6,0,6,6
6640,png,Papua New Guinea,2000,5862,0,400,6262,0,6262,6,0,6,6
6641,png,Papua New Guinea,2001,4941,0,313,5254,0,5254,6,0,6,6
6642,png,Papua New Guinea,2002,4941,312,0,5253,0,5253,12,5,17,17
6643,png,Papua New Guinea,2003,7491,305,430,8226,0,8226,12,6,18,18
6644,png,Papua New Guinea,2004,7626,199,0,7825,0,7825,12,0,12,12
6645,png,Papua New Guinea,2005,10001,5,0,10006,0,10006,20,17,37,37
6646,png,Papua New Guinea,2006,10182,0,0,10182,0,10182,27,6,33,33
6647,png,Papua New Guinea,2007,10000,10,0,10010,0,10010,33,18,51,51
6648,png,Papua New Guinea,2008,10005,5,0,10010,0,10010,44,10,54,54
6649,png,Papua New Guinea,2009,9704,5,0,9709,0,9709,68,11,79,79
6650,png,Papua New Guinea,2010,9699,0,0,9699,0,9699,87,43,130,130
6651,png,Papua New Guinea,2011,9378,0,0,9378,0,9378,126,46,172,172
6652,png,Papua New Guinea,2012,9378,156,0,9534,0,9534,172,83,255,255
6653,png,Papua New Guinea,2013,9373,404,0,9777,0,9777,219,146,365,365
6654,png,Papua New Guinea,2014,9503,398,0,9901,0,9901,285,213,498,498
6655,png,Papua New Guinea,2015,9503,448,0,9951,0,9951,335,198,533,533
6656,png,Papua New Guinea,2016,9529,16,0,9545,0,9545,401,261,662,662
6657,png,Papua New Guinea,2017,10018,0,0,10018,0,10018,406,372,778,778
6658,png,Papua New Guinea,2018,10022,151,0,10173,0,10173,424,445,869,869
6659,png,Papua New Guinea,2019,9698,132,0,9830,0,9830,475,549,1024,1024
6660,png,Papua New Guinea,2020,10781,108,0,10889,14000,24889,510,650,1160,15160
6661,png,Papua New Guinea,2021,11839,125,106,12070,24000,36070,507,636,1143,25143
6662,png,Papua New Guinea,2022,10524,3303,0,13827,90634,104461,610,610,1220,91854
6663,png,Papua New Guinea,2023,10523,3298,1736,15557,95000,110557,452,719,2907,97907
6664,png,Papua New Guinea,2024,7732,3251,2177,13160,84051,97211,504,982,3663,87714
6665,pry,Paraguay,1969,4000,0,0,4000,0,4000,0,0,0,0
6666,pry,Paraguay,1970,1500,0,0,1500,0,1500,0,0,0,0
6667,pry,Paraguay,1971,1500,0,0,1500,0,1500,0,0,0,0
6668,pry,Paraguay,1972,1400,0,0,1400,0,1400,0,0,0,0
6669,pry,Paraguay,1973,0,0,0,0,0,0,0,0,0,0
6670,pry,Paraguay,1974,1160,0,0,1160,0,1160,0,0,0,0
6671,pry,Paraguay,1975,0,0,0,0,0,0,0,0,0,0
6672,pry,Paraguay,1976,0,0,0,0,0,0,0,0,0,0
6673,pry,Paraguay,1977,1500,0,0,1500,0,1500,0,0,0,0
6674,pry,Paraguay,1978,1500,0,0,1500,0,1500,0,0,0,0
6675,pry,Paraguay,1979,1200,0,0,1200,0,1200,0,0,0,0
6676,pry,Paraguay,1980,800,0,0,800,0,800,0,0,0,0
6677,pry,Paraguay,1981,800,0,0,800,0,800,0,0,0,0
6678,pry,Paraguay,1982,50,0,0,50,0,50,0,0,0,0
6679,pry,Paraguay,1983,50,0,0,50,0,50,0,0,0,0
6680,pry,Paraguay,1984,0,0,0,0,0,0,0,0,0,0
6681,pry,Paraguay,1985,80,0,0,80,0,80,0,0,0,0
6682,pry,Paraguay,1986,60,0,0,60,0,60,0,0,0,0
6683,pry,Paraguay,1987,50,0,0,50,0,50,0,0,0,0
6684,pry,Paraguay,1988,50,0,0,50,0,50,0,0,0,0
6685,pry,Paraguay,1989,50,0,0,50,0,50,0,0,0,0
6686,pry,Paraguay,1990,66,0,0,66,0,66,19,0,19,19
6687,pry,Paraguay,1991,66,0,0,66,0,66,8,0,8,8
6688,pry,Paraguay,1992,45,0,0,45,0,45,10,0,10,10
6689,pry,Paraguay,1993,50,0,0,50,0,50,15,0,15,15
6690,pry,Paraguay,1994,60,0,0,60,0,60,64,0,64,64
6691,pry,Paraguay,1995,60,0,0,60,0,60,51,0,51,51
6692,pry,Paraguay,1996,53,0,0,53,0,53,45,0,45,45
6693,pry,Paraguay,1997,48,0,0,48,0,48,19,0,19,19
6694,pry,Paraguay,1998,34,0,0,34,0,34,16,0,16,16
6695,pry,Paraguay,1999,20,0,0,20,0,20,20,0,20,20
6696,pry,Paraguay,2000,19,0,0,19,0,19,20,16,36,36
6697,pry,Paraguay,2001,19,12,0,31,0,31,6,22,28,28
6698,pry,Paraguay,2002,19,5,0,24,0,24,26,44,70,70
6699,pry,Paraguay,2003,25,5,0,30,0,30,34,50,84,84
6700,pry,Paraguay,2004,40,0,0,40,0,40,34,42,76,76
6701,pry,Paraguay,2005,46,8,0,54,0,54,42,31,73,73
6702,pry,Paraguay,2006,55,0,0,55,0,55,103,36,139,139
6703,pry,Paraguay,2007,57,14,0,71,0,71,99,44,143,143
6704,pry,Paraguay,2008,70,0,0,70,0,70,97,32,129,129
6705,pry,Paraguay,2009,85,0,0,85,0,85,77,30,107,107
6706,pry,Paraguay,2010,103,0,0,103,0,103,86,24,110,110
6707,pry,Paraguay,2011,120,5,0,125,0,125,91,22,113,113
6708,pry,Paraguay,2012,129,5,0,134,0,134,101,23,124,124
6709,pry,Paraguay,2013,132,0,0,132,0,132,91,28,119,119
6710,pry,Paraguay,2014,149,9,0,158,0,158,87,34,121,121
6711,pry,Paraguay,2015,167,27,0,194,0,194,88,67,155,155
6712,pry,Paraguay,2016,199,31,0,230,0,230,68,117,185,185
6713,pry,Paraguay,2017,200,69,0,269,0,269,77,175,252,252
6714,pry,Paraguay,2018,260,350,0,610,0,610,73,278,351,351
6715,pry,Paraguay,2019,1014,680,0,1694,0,1694,84,632,716,716
6716,pry,Paraguay,2020,1686,1452,0,3138,0,3138,119,868,987,987
6717,pry,Paraguay,2021,4484,860,0,5344,0,5344,125,1102,1227,1227
6718,pry,Paraguay,2022,5420,1200,0,6620,0,6620,139,1202,1341,1341
6719,pry,Paraguay,2023,5991,1598,0,7589,0,7589,155,1987,2142,2142
6720,pry,Paraguay,2024,6071,1578,0,7649,0,7649,170,3054,3224,3224
6721,per,Peru,1970,1500,0,0,1500,0,1500,0,0,0,0
6722,per,Peru,1971,1500,0,0,1500,0,1500,0,0,0,0
6723,per,Peru,1972,1550,0,0,1550,0,1550,0,0,0,0
6724,per,Peru,1973,0,0,0,0,0,0,0,0,0,0
6725,per,Peru,1974,4600,0,0,4600,0,4600,0,0,0,0
6726,per,Peru,1975,600,0,0,600,0,600,0,0,0,0
6727,per,Peru,1976,440,0,0,440,0,440,0,0,0,0
6728,per,Peru,1977,1200,0,0,1200,0,1200,0,0,0,0
6729,per,Peru,1978,1100,0,0,1100,0,1100,0,0,0,0
6730,per,Peru,1979,6280,0,0,6280,0,6280,0,0,0,0
6731,per,Peru,1980,1460,0,0,1460,0,1460,0,0,0,0
6732,per,Peru,1981,1500,0,0,1500,0,1500,0,0,0,0
6733,per,Peru,1982,1200,0,0,1200,0,1200,0,0,0,0
6734,per,Peru,1983,600,0,0,600,0,600,0,0,0,0
6735,per,Peru,1984,560,0,0,560,0,560,0,0,0,0
6736,per,Peru,1985,700,0,0,700,0,700,0,0,0,0
6737,per,Peru,1986,600,0,0,600,0,600,0,0,0,0
6738,per,Peru,1987,640,0,0,640,0,640,0,0,0,0
6739,per,Peru,1988,654,0,0,654,0,654,5,0,5,5
6740,per,Peru,1989,691,0,0,691,0,691,26,0,26,26
6741,per,Peru,1990,724,0,0,724,0,724,255,0,255,255
6742,per,Peru,1991,683,0,0,683,0,683,473,0,473,473
6743,per,Peru,1992,640,0,0,640,0,640,727,0,727,727
6744,per,Peru,1993,736,0,0,736,0,736,1967,0,1967,1967
6745,per,Peru,1994,656,0,0,656,0,656,4333,0,4333,4333
6746,per,Peru,1995,610,0,0,610,0,610,5902,0,5902,5902
6747,per,Peru,1996,659,0,0,659,0,659,6695,0,6695,6695
6748,per,Peru,1997,744,0,0,744,0,744,6608,0,6608,6608
6749,per,Peru,1998,425,0,0,425,0,425,7065,0,7065,7065
6750,per,Peru,1999,700,0,0,700,0,700,7205,0,7205,7205
6751,per,Peru,2000,686,7,0,693,0,693,6948,2435,9383,9383
6752,per,Peru,2001,681,56,0,737,0,737,6500,2750,9250,9250
6753,per,Peru,2002,679,130,0,809,0,809,6431,3581,10012,10012
6754,per,Peru,2003,710,174,0,884,0,884,5578,2769,8347,8347
6755,per,Peru,2004,757,222,0,979,0,979,4767,2103,6870,6870
6756,per,Peru,2005,835,328,0,1163,0,1163,4863,1637,6500,6500
6757,per,Peru,2006,897,479,0,1376,0,1376,6977,1923,8900,8900
6758,per,Peru,2007,981,533,0,1514,0,1514,7738,3056,10794,10794
6759,per,Peru,2008,1060,570,0,1630,0,1630,7329,2500,9829,9829
6760,per,Peru,2009,1092,359,0,1451,0,1451,6272,5806,12078,12078
6761,per,Peru,2010,1129,257,0,1386,0,1386,5834,4764,10598,10598
6762,per,Peru,2011,1130,484,0,1614,0,1614,5488,498,5986,5986
6763,per,Peru,2012,1100,473,0,1573,0,1573,5207,336,5543,5543
6764,per,Peru,2013,1128,500,0,1628,0,1628,4762,696,5458,5458
6765,per,Peru,2014,1275,374,0,1649,0,1649,4333,1029,5362,5362
6766,per,Peru,2015,1454,350,0,1804,0,1804,3591,1530,5121,5121
6767,per,Peru,2016,1615,4368,0,5983,0,5983,2599,2290,4889,4889
6768,per,Peru,2017,1788,37728,31224,70740,0,70740,2588,3497,6085,6085
6769,per,Peru,2018,2506,230845,0,233351,0,233351,2579,4895,7474,7474
6770,per,Peru,2019,2850,487049,0,489899,0,489899,2765,8669,11434,11434
6771,per,Peru,2020,4272,537552,0,541824,0,541824,2834,10583,13417,13417
6772,per,Peru,2021,5790,537047,0,542837,0,542837,3521,9046,12567,12567
6773,per,Peru,2022,6543,537461,7419,551423,0,551423,4021,24294,31614,31614
6774,per,Peru,2023,6712,508429,18916,534057,0,534057,4724,80153,84877,84877
6775,per,Peru,2024,6742,539957,12706,559405,0,559405,6459,119061,125520,125520
6776,phl,Philippines,1975,690,0,0,690,0,690,0,0,0,0
6777,phl,Philippines,1976,940,0,0,940,0,940,0,0,0,0
6778,phl,Philippines,1977,1300,0,0,1300,0,1300,90000,0,90000,90000
6779,phl,Philippines,1978,5300,0,0,5300,0,5300,92000,0,92000,92000
6780,phl,Philippines,1979,5300,0,0,5300,0,5300,90000,0,90000,90000
6781,phl,Philippines,1980,20300,0,0,20300,0,20300,90000,0,90000,90000
6782,phl,Philippines,1981,23310,0,0,23310,0,23310,90000,0,90000,90000
6783,phl,Philippines,1982,15240,0,0,15240,0,15240,90000,0,90000,90000
6784,phl,Philippines,1983,18890,0,0,18890,0,18890,100000,0,100000,100000
6785,phl,Philippines,1984,18270,0,0,18270,0,18270,100000,0,100000,100000
6786,phl,Philippines,1985,16990,0,0,16990,0,16990,90000,0,90000,90000
6787,phl,Philippines,1986,13830,0,0,13830,0,13830,90000,0,90000,90000
6788,phl,Philippines,1987,13170,0,0,13170,0,13170,90000,0,90000,90000
6789,phl,Philippines,1988,21109,0,0,21109,0,21109,90000,0,90000,90000
6790,phl,Philippines,1989,26651,0,0,26651,0,26651,90000,0,90000,90000
6791,phl,Philippines,1990,19860,0,0,19860,0,19860,11,0,11,11
6792,phl,Philippines,1991,8972,0,0,8972,0,8972,15,0,15,15
6793,phl,Philippines,1992,6721,0,0,6721,0,6721,45,0,45,45
6794,phl,Philippines,1993,2476,0,0,2476,0,2476,111,0,111,111
6795,phl,Philippines,1994,668,0,0,668,0,668,435,0,435,435
6796,phl,Philippines,1995,776,0,0,776,0,776,515,0,515,515
6797,phl,Philippines,1996,685,0,0,685,0,685,599,0,599,599
6798,phl,Philippines,1997,306,0,0,306,0,306,526,0,526,526
6799,phl,Philippines,1998,303,0,0,303,0,303,45601,0,45601,45601
6800,phl,Philippines,1999,166,0,0,166,0,166,45516,0,45516,45516
6801,phl,Philippines,2000,175,10,0,185,0,185,45481,1848,47329,47329
6802,phl,Philippines,2001,132,34,2000,2166,0,2166,45469,1838,47307,47307
6803,phl,Philippines,2002,109,38,1918,2065,0,2065,45606,2019,47625,47625
6804,phl,Philippines,2003,109,32,1691,1832,0,1832,409,1832,59438,59438
6805,phl,Philippines,2004,106,38,1829,1973,0,1973,428,980,62722,62722
6806,phl,Philippines,2005,92,27,766,885,0,885,464,862,62640,62640
6807,phl,Philippines,2006,96,19,416,531,0,531,888,791,62993,62993
6808,phl,Philippines,2007,102,12,165,279,0,279,1550,752,63616,63616
6809,phl,Philippines,2008,99,78,87,264,0,264,1348,904,63566,63566
6810,phl,Philippines,2009,93,36,68,197,0,197,987,790,63091,63091
6811,phl,Philippines,2010,238,58,68,364,139509,139873,963,651,81614,221123
6812,phl,Philippines,2011,118,46,68,232,159465,159697,945,355,81300,240765
6813,phl,Philippines,2012,141,29,68,238,1159,1397,979,377,81356,82515
6814,phl,Philippines,2013,178,68,68,314,117369,117683,718,876,81624,198993
6815,phl,Philippines,2014,213,91,68,372,142430,142802,660,1117,81830,224260
6816,phl,Philippines,2015,254,185,68,507,63174,63681,582,1886,82525,145699
6817,phl,Philippines,2016,392,205,68,665,87418,88083,426,3119,83598,171016
6818,phl,Philippines,2017,512,210,68,790,311943,312733,445,8081,88575,400518
6819,phl,Philippines,2018,631,238,68,937,77651,78588,522,3804,84364,162015
6820,phl,Philippines,2019,680,319,129734,130733,178897,309630,554,4732,60315,239212
6821,phl,Philippines,2020,709,397,129513,130619,150368,280987,469,4989,134925,285293
6822,phl,Philippines,2021,801,586,128691,130078,105214,235292,521,5525,189697,294911
6823,phl,Philippines,2022,856,780,128183,129819,98094,227913,586,5492,189262,287356
6824,phl,Philippines,2023,934,1029,126228,128191,108237,236428,645,4670,186558,294795
6825,phl,Philippines,2024,962,1380,121070,123412,121576,244988,785,6742,183615,305191
6826,pol,Poland,1970,0,0,0,0,0,0,150,0,150,150
6827,pol,Poland,1971,0,0,0,0,0,0,150,0,150,150
6828,pol,Poland,1972,0,0,0,0,0,0,140,0,140,140
6829,pol,Poland,1973,0,0,0,0,0,0,100,0,100,100
6830,pol,Poland,1974,0,0,0,0,0,0,70,0,70,70
6831,pol,Poland,1975,0,0,0,0,0,0,60,0,60,60
6832,pol,Poland,1976,0,0,0,0,0,0,50,0,50,50
6833,pol,Poland,1977,0,0,0,0,0,0,0,0,0,0
6834,pol,Poland,1978,0,0,0,0,0,0,50,0,50,50
6835,pol,Poland,1979,0,0,0,0,0,0,0,0,0,0
6836,pol,Poland,1980,0,0,0,0,0,0,471,0,471,471
6837,pol,Poland,1981,0,0,0,0,0,0,505,0,505,505
6838,pol,Poland,1982,0,0,0,0,0,0,775,0,775,775
6839,pol,Poland,1983,0,0,0,0,0,0,761,0,761,761
6840,pol,Poland,1984,0,0,0,0,0,0,994,0,994,994
6841,pol,Poland,1985,0,0,0,0,0,0,1655,0,1655,1655
6842,pol,Poland,1986,0,0,0,0,0,0,1102,0,1102,1102
6843,pol,Poland,1987,0,0,0,0,0,0,1475,0,1475,1475
6844,pol,Poland,1988,0,0,0,0,0,0,23266,0,23266,23266
6845,pol,Poland,1989,0,0,0,0,0,0,23072,0,23072,23072
6846,pol,Poland,1990,0,0,0,0,0,0,25632,0,25632,25632
6847,pol,Poland,1991,550,0,0,550,0,550,21643,0,21643,21643
6848,pol,Poland,1992,2719,0,0,2719,0,2719,14518,0,14518,14518
6849,pol,Poland,1993,810,0,0,810,0,810,13385,0,13385,13385
6850,pol,Poland,1994,393,0,0,393,0,393,35934,0,35934,35934
6851,pol,Poland,1995,600,0,0,600,0,600,19731,0,19731,19731
6852,pol,Poland,1996,600,0,0,600,0,600,12868,0,12868,12868
6853,pol,Poland,1997,835,0,0,835,0,835,7292,0,7292,7292
6854,pol,Poland,1998,895,0,0,895,0,895,1880,0,1880,1880
6855,pol,Poland,1999,937,0,0,937,0,937,1238,0,1238,1238
6856,pol,Poland,2000,1011,0,0,1011,0,1011,859,549,1408,1408
6857,pol,Poland,2001,1295,0,0,1295,0,1295,3187,879,4066,4066
6858,pol,Poland,2002,1586,2554,0,4140,0,4140,16713,818,17531,17531
6859,pol,Poland,2003,1822,1512,0,3334,0,3334,15211,904,16115,16115
6860,pol,Poland,2004,2491,3520,0,6011,0,6011,10683,569,11252,11252
6861,pol,Poland,2005,4585,1620,0,6205,0,6205,19642,603,20245,20245
6862,pol,Poland,2006,6786,1965,0,8751,0,8751,13508,372,13880,13880
6863,pol,Poland,2007,10037,5937,0,15974,0,15974,2911,187,3098,3098
6864,pol,Poland,2008,12761,4381,0,17142,0,17142,2385,225,2610,2610
6865,pol,Poland,2009,15299,2397,0,17696,0,17696,2052,245,2297,2297
6866,pol,Poland,2010,15537,2111,0,17648,0,17648,1758,153,1911,1911
6867,pol,Poland,2011,15834,2873,0,18707,0,18707,1811,349,2160,2160
6868,pol,Poland,2012,15897,2394,0,18291,0,18291,1638,326,1964,1964
6869,pol,Poland,2013,16428,2157,0,18585,0,18585,1428,274,1702,1702
6870,pol,Poland,2014,15730,2675,0,18405,0,18405,1306,263,1569,1569
6871,pol,Poland,2015,14057,3281,0,17338,0,17338,1298,399,1697,1697
6872,pol,Poland,2016,11738,3412,0,15150,0,15150,1159,565,1724,1724
6873,pol,Poland,2017,12225,2878,0,15103,0,15103,1123,784,1907,1907
6874,pol,Poland,2018,12495,3059,0,15554,0,15554,1085,912,1997,1997
6875,pol,Poland,2019,12658,4783,0,17441,0,17441,961,1016,1977,1977
6876,pol,Poland,2020,2771,3602,0,6373,0,6373,910,1052,1962,1962
6877,pol,Poland,2021,4875,3823,0,8698,0,8698,887,1056,1943,1943
6878,pol,Poland,2022,971129,3020,1328,975477,0,975477,971,1044,2015,2015
6879,pol,Poland,2023,971478,6989,1328,979795,0,979795,932,1050,1982,1982
6880,pol,Poland,2024,1008871,10992,1328,1021191,0,1021191,1528,1076,2604,2604
6881,prt,Portugal,1975,150,0,0,150,0,150,0,0,0,0
6882,prt,Portugal,1976,0,0,0,0,0,0,0,0,0,0
6883,prt,Portugal,1977,7500,0,0,7500,0,7500,0,0,0,0
6884,prt,Portugal,1978,7500,0,0,7500,0,7500,0,0,0,0
6885,prt,Portugal,1979,7600,0,0,7600,0,7600,0,0,0,0
6886,prt,Portugal,1980,7600,0,0,7600,0,7600,0,0,0,0
6887,prt,Portugal,1981,7600,0,0,7600,0,7600,0,0,0,0
6888,prt,Portugal,1982,7600,0,0,7600,0,7600,0,0,0,0
6889,prt,Portugal,1983,700,0,0,700,0,700,0,0,0,0
6890,prt,Portugal,1984,600,0,0,600,0,600,0,0,0,0
6891,prt,Portugal,1985,700,0,0,700,0,700,0,0,0,0
6892,prt,Portugal,1986,800,0,0,800,0,800,0,0,0,0
6893,prt,Portugal,1987,800,0,0,800,0,800,0,0,0,0
6894,prt,Portugal,1988,789,0,0,789,0,789,0,0,0,0
6895,prt,Portugal,1989,657,0,0,657,0,657,0,0,0,0
6896,prt,Portugal,1990,867,0,0,867,0,867,0,0,0,0
6897,prt,Portugal,1991,998,0,0,998,0,998,0,0,0,0
6898,prt,Portugal,1992,1778,0,0,1778,0,1778,0,0,0,0
6899,prt,Portugal,1993,600,0,0,600,0,600,0,0,0,0
6900,prt,Portugal,1994,248,0,0,248,0,248,25,0,25,25
6901,prt,Portugal,1995,248,0,0,248,0,248,23,0,23,23
6902,prt,Portugal,1996,297,0,0,297,0,297,218,0,218,218
6903,prt,Portugal,1997,310,0,0,310,0,310,213,0,213,213
6904,prt,Portugal,1998,329,0,0,329,0,329,21,0,21,21
6905,prt,Portugal,1999,364,0,0,364,0,364,16,0,16,16
6906,prt,Portugal,2000,416,0,0,416,0,416,24,73,97,97
6907,prt,Portugal,2001,444,0,0,444,0,444,14,146,160,160
6908,prt,Portugal,2002,460,0,0,460,0,460,60,551,611,611
6909,prt,Portugal,2003,414,0,0,414,0,414,54,392,446,446
6910,prt,Portugal,2004,368,0,0,368,0,368,43,212,255,255
6911,prt,Portugal,2005,355,0,0,355,0,355,74,122,196,196
6912,prt,Portugal,2006,322,0,0,322,0,322,25,45,70,70
6913,prt,Portugal,2007,346,0,0,346,0,346,29,41,70,70
6914,prt,Portugal,2008,393,0,0,393,0,393,35,33,68,68
6915,prt,Portugal,2009,383,10,0,393,0,393,30,46,76,76
6916,prt,Portugal,2010,368,61,0,429,0,429,29,60,89,89
6917,prt,Portugal,2011,399,212,0,611,0,611,29,67,96,96
6918,prt,Portugal,2012,473,192,0,665,0,665,32,49,81,81
6919,prt,Portugal,2013,596,198,0,794,0,794,27,40,67,67
6920,prt,Portugal,2014,704,327,0,1031,0,1031,30,34,64,64
6921,prt,Portugal,2015,851,571,0,1422,0,1422,28,64,92,92
6922,prt,Portugal,2016,1189,850,0,2039,0,2039,20,81,101,101
6923,prt,Portugal,2017,1619,45,0,1664,0,1664,16,171,187,187
6924,prt,Portugal,2018,2130,85,0,2215,0,2215,20,245,265,265
6925,prt,Portugal,2019,2375,1057,14,3446,0,3446,25,338,363,363
6926,prt,Portugal,2020,2405,1154,14,3573,0,3573,27,360,387,387
6927,prt,Portugal,2021,2651,2162,14,4827,0,4827,26,439,465,465
6928,prt,Portugal,2022,59777,968,0,60745,0,60745,55,448,503,503
6929,prt,Portugal,2023,62807,1267,0,64074,0,64074,45,979,1024,1024
6930,prt,Portugal,2024,68603,2563,0,71166,0,71166,110,1092,1202,1202
6931,qat,Qatar,1980,200,0,0,200,0,200,0,0,0,0
6932,qat,Qatar,1981,200,0,0,200,0,200,0,0,0,0
6933,qat,Qatar,1982,200,0,0,200,0,200,0,0,0,0
6934,qat,Qatar,1983,200,0,0,200,0,200,0,0,0,0
6935,qat,Qatar,1984,200,0,0,200,0,200,0,0,0,0
6936,qat,Qatar,1985,200,0,0,200,0,200,0,0,0,0
6937,qat,Qatar,1986,0,0,0,0,0,0,0,0,0,0
6938,qat,Qatar,1987,0,0,0,0,0,0,0,0,0,0
6939,qat,Qatar,1988,0,0,0,0,0,0,0,0,0,0
6940,qat,Qatar,1989,0,0,0,0,0,0,0,0,0,0
6941,qat,Qatar,1990,0,0,0,0,0,0,0,0,0,0
6942,qat,Qatar,1991,0,0,0,0,0,0,0,0,0,0
6943,qat,Qatar,1992,0,0,0,0,0,0,0,0,0,0
6944,qat,Qatar,1993,0,0,0,0,0,0,0,0,0,0
6945,qat,Qatar,1994,0,0,0,0,0,0,49,0,49,49
6946,qat,Qatar,1995,0,0,0,0,0,0,30,0,30,30
6947,qat,Qatar,1996,0,0,0,0,0,0,17,0,17,17
6948,qat,Qatar,1997,0,0,0,0,0,0,18,0,18,18
6949,qat,Qatar,1998,0,0,0,0,0,0,21,0,21,21
6950,qat,Qatar,1999,6,0,0,6,0,6,6,0,6,6
6951,qat,Qatar,2000,31,0,0,31,0,31,0,31,31,31
6952,qat,Qatar,2001,67,9,0,76,0,76,0,29,29,29
6953,qat,Qatar,2002,46,19,0,65,0,65,10,30,40,40
6954,qat,Qatar,2003,46,42,0,88,0,88,14,14,28,28
6955,qat,Qatar,2004,46,23,0,69,0,69,10,0,10,10
6956,qat,Qatar,2005,46,23,0,69,0,69,6,5,11,11
6957,qat,Qatar,2006,46,28,0,74,0,74,48,5,53,53
6958,qat,Qatar,2007,46,38,0,84,0,84,57,0,57,57
6959,qat,Qatar,2008,13,31,0,44,0,44,69,0,69,69
6960,qat,Qatar,2009,29,10,0,39,0,39,66,5,71,71
6961,qat,Qatar,2010,51,15,0,66,0,66,109,7,116,116
6962,qat,Qatar,2011,80,48,0,128,0,128,93,7,100,100
6963,qat,Qatar,2012,80,54,0,134,0,134,123,5,128,128
6964,qat,Qatar,2013,130,10,0,140,0,140,15,0,15,15
6965,qat,Qatar,2014,132,86,0,218,0,218,23,5,28,28
6966,qat,Qatar,2015,117,116,0,233,0,233,21,12,33,33
6967,qat,Qatar,2016,176,143,0,319,0,319,25,23,48,48
6968,qat,Qatar,2017,188,123,0,311,0,311,31,39,70,70
6969,qat,Qatar,2018,189,91,0,280,0,280,30,33,63,63
6970,qat,Qatar,2019,202,99,0,301,0,301,36,36,72,72
6971,qat,Qatar,2020,201,243,0,444,0,444,33,38,71,71
6972,qat,Qatar,2021,197,310,0,507,0,507,47,35,82,82
6973,qat,Qatar,2022,197,140,0,337,0,337,40,128,168,168
6974,qat,Qatar,2023,197,140,0,337,0,337,58,58,116,116
6975,qat,Qatar,2024,197,152,0,349,0,349,65,55,120,120
6976,rou,Romania,1970,0,0,0,0,0,0,100,0,100,100
6977,rou,Romania,1971,0,0,0,0,0,0,60,0,60,60
6978,rou,Romania,1972,0,0,0,0,0,0,90,0,90,90
6979,rou,Romania,1973,0,0,0,0,0,0,90,0,90,90
6980,rou,Romania,1974,0,0,0,0,0,0,70,0,70,70
6981,rou,Romania,1975,0,0,0,0,0,0,70,0,70,70
6982,rou,Romania,1976,0,0,0,0,0,0,0,0,0,0
6983,rou,Romania,1977,1000,0,0,1000,0,1000,0,0,0,0
6984,rou,Romania,1978,1000,0,0,1000,0,1000,60,0,60,60
6985,rou,Romania,1979,1000,0,0,1000,0,1000,0,0,0,0
6986,rou,Romania,1980,1000,0,0,1000,0,1000,772,0,772,772
6987,rou,Romania,1981,1000,0,0,1000,0,1000,854,0,854,854
6988,rou,Romania,1982,1000,0,0,1000,0,1000,1157,0,1157,1157
6989,rou,Romania,1983,1000,0,0,1000,0,1000,1211,0,1211,1211
6990,rou,Romania,1984,1000,0,0,1000,0,1000,962,0,962,962
6991,rou,Romania,1985,0,0,0,0,0,0,2201,0,2201,2201
6992,rou,Romania,1986,0,0,0,0,0,0,1024,0,1024,1024
6993,rou,Romania,1987,0,0,0,0,0,0,1890,0,1890,1890
6994,rou,Romania,1988,0,0,0,0,0,0,20247,0,20247,20247
6995,rou,Romania,1989,0,0,0,0,0,0,45978,0,45978,45978
6996,rou,Romania,1990,0,0,0,0,0,0,51282,0,51282,51282
6997,rou,Romania,1991,651,0,0,651,0,651,27177,0,27177,27177
6998,rou,Romania,1992,520,0,0,520,0,520,25118,0,25118,25118
6999,rou,Romania,1993,1170,0,0,1170,0,1170,23566,0,23566,23566
7000,rou,Romania,1994,1170,0,0,1170,0,1170,22273,0,22273,22273
7001,rou,Romania,1995,192,0,0,192,0,192,16977,0,16977,16977
7002,rou,Romania,1996,261,0,0,261,0,261,11872,0,11872,11872
7003,rou,Romania,1997,631,0,0,631,0,631,8955,0,8955,8955
7004,rou,Romania,1998,983,0,0,983,0,983,10924,0,10924,10924
7005,rou,Romania,1999,1234,0,0,1234,0,1234,8560,0,8560,8560
7006,rou,Romania,2000,1677,0,0,1677,0,1677,7348,2466,9814,9814
7007,rou,Romania,2001,1792,0,0,1792,0,1792,6052,2812,8864,8864
7008,rou,Romania,2002,1839,34,0,1873,0,1873,8842,2293,11135,11135
7009,rou,Romania,2003,1991,302,0,2293,0,2293,8384,2164,10548,10548
7010,rou,Romania,2004,1610,188,0,1798,0,1798,6043,1339,7382,7382
7011,rou,Romania,2005,2040,263,0,2303,0,2303,11495,1135,12630,12630
7012,rou,Romania,2006,1636,165,0,1801,0,1801,7224,1323,8547,8547
7013,rou,Romania,2007,1741,158,0,1899,0,1899,5299,561,5860,5860
7014,rou,Romania,2008,1586,287,0,1873,0,1873,4747,385,5132,5132
7015,rou,Romania,2009,1065,391,0,1456,0,1456,4350,412,4762,4762
7016,rou,Romania,2010,1019,372,0,1391,0,1391,3926,308,4234,4234
7017,rou,Romania,2011,1003,751,0,1754,0,1754,3422,465,3887,3887
7018,rou,Romania,2012,1263,21,0,1284,0,1284,2802,610,3412,3412
7019,rou,Romania,2013,1747,121,0,1868,0,1868,2331,1151,3482,3482
7020,rou,Romania,2014,2171,325,0,2496,0,2496,1917,1011,2933,2933
7021,rou,Romania,2015,2581,408,0,2989,0,2989,1731,1377,3108,3108
7022,rou,Romania,2016,2880,72,0,2952,0,2952,1195,2520,3715,3715
7023,rou,Romania,2017,3911,1514,0,5425,0,5425,1210,3256,4466,4466
7024,rou,Romania,2018,4134,1476,0,5610,0,5610,1155,4253,5408,5408
7025,rou,Romania,2019,3860,916,192,4968,0,4968,1352,3910,5262,5262
7026,rou,Romania,2020,3581,2242,183,6006,0,6006,1343,3720,5063,5063
7027,rou,Romania,2021,4200,1504,181,5885,0,5885,1417,4452,5869,5869
7028,rou,Romania,2022,105621,1172,156,106949,0,106949,3959,6200,10159,10159
7029,rou,Romania,2023,87487,1068,159,88714,0,88714,1825,7383,9208,9208
7030,rou,Romania,2024,184529,462,180,185171,0,185171,2919,8952,11871,11871
7031,rus,Russia,1964,0,0,0,0,0,0,120,0,120,120
7032,rus,Russia,1965,0,0,0,0,0,0,0,0,0,0
7033,rus,Russia,1966,0,0,0,0,0,0,17970,0,17970,17970
7034,rus,Russia,1967,0,0,0,0,0,0,0,0,0,0
7035,rus,Russia,1968,0,0,0,0,0,0,0,0,0,0
7036,rus,Russia,1969,0,0,0,0,0,0,0,0,0,0
7037,rus,Russia,1970,0,0,0,0,0,0,170,0,170,170
7038,rus,Russia,1971,0,0,0,0,0,0,160,0,160,160
7039,rus,Russia,1972,0,0,0,0,0,0,150,0,150,150
7040,rus,Russia,1973,0,0,0,0,0,0,110,0,110,110
7041,rus,Russia,1974,0,0,0,0,0,0,80,0,80,80
7042,rus,Russia,1975,0,0,0,0,0,0,70,0,70,70
7043,rus,Russia,1976,0,0,0,0,0,0,60,0,60,60
7044,rus,Russia,1977,0,0,0,0,0,0,50,0,50,50
7045,rus,Russia,1978,0,0,0,0,0,0,50,0,50,50
7046,rus,Russia,1979,0,0,0,0,0,0,0,0,0,0
7047,rus,Russia,1980,0,0,0,0,0,0,10821,0,10821,10821
7048,rus,Russia,1981,0,0,0,0,0,0,11562,0,11562,11562
7049,rus,Russia,1982,0,0,0,0,0,0,11569,0,11569,11569
7050,rus,Russia,1983,0,0,0,0,0,0,11574,0,11574,11574
7051,rus,Russia,1984,0,0,0,0,0,0,11577,0,11577,11577
7052,rus,Russia,1985,0,0,0,0,0,0,11582,0,11582,11582
7053,rus,Russia,1986,0,0,0,0,0,0,10226,0,10226,10226
7054,rus,Russia,1987,0,0,0,0,0,0,8683,0,8683,8683
7055,rus,Russia,1988,0,0,0,0,0,0,33636,0,33636,33636
7056,rus,Russia,1989,0,0,0,0,0,0,68496,0,68496,68496
7057,rus,Russia,1990,0,0,0,0,0,0,117736,0,117736,117736
7058,rus,Russia,1991,0,0,0,0,0,0,155576,0,155576,155576
7059,rus,Russia,1992,0,0,0,0,0,0,213802,0,213802,213802
7060,rus,Russia,1993,0,0,0,0,0,0,243312,0,243312,243312
7061,rus,Russia,1994,0,0,0,0,90800,90800,251394,0,251394,342194
7062,rus,Russia,1995,0,0,0,0,128000,128000,207027,0,207027,335027
7063,rus,Russia,1996,246689,0,0,246689,161312,408001,173722,0,173722,335034
7064,rus,Russia,1997,237720,0,957000,1194720,337000,1531720,198055,0,1155055,1492055
7065,rus,Russia,1998,128575,0,827562,956137,171871,1128008,172724,0,981187,1153058
7066,rus,Russia,1999,80061,0,845341,925402,498354,1423756,28319,0,752481,1250835
7067,rus,Russia,2000,26265,689,753882,780836,490650,1271486,40309,10597,692607,1183257
7068,rus,Russia,2001,17970,737,630193,648900,443288,1092188,45154,14668,573094,1016382
7069,rus,Russia,2002,14966,606,525722,541294,371195,912489,91625,19615,520869,892064
7070,rus,Russia,2003,9897,275,407482,417654,368220,785874,96414,21031,408134,776354
7071,rus,Russia,2004,1851,313,297761,299925,334796,634721,108096,13000,313680,648476
7072,rus,Russia,2005,1513,286,237676,239475,170544,410019,103037,14303,250618,421162
7073,rus,Russia,2006,1413,298,235799,237510,158905,396415,159383,19057,310624,469529
7074,rus,Russia,2007,1636,3074,2893,7603,189274,196877,93218,17581,111105,300379
7075,rus,Russia,2008,3470,1800,0,5270,91505,96775,103061,15697,119064,210569
7076,rus,Russia,2009,4877,1679,0,6556,79950,86506,109452,13286,123044,202994
7077,rus,Russia,2010,4924,1432,0,6356,75371,81727,111944,10468,122718,198089
7078,rus,Russia,2011,3913,943,10246,15102,28450,43552,109783,11840,135857,164307
7079,rus,Russia,2012,3164,816,9068,13048,0,13048,110587,15254,136398,136398
7080,rus,Russia,2013,3450,1242,7259,11951,0,11951,74310,25961,109864,109864
7081,rus,Russia,2014,235732,3051,2126,240909,0,240909,70552,24189,95052,95052
7082,rus,Russia,2015,314498,2047,0,316545,0,316545,67008,27508,94521,94521
7083,rus,Russia,2016,228981,3025,0,232006,0,232006,62759,35366,98125,98125
7084,rus,Russia,2017,126021,2168,0,128189,0,128189,61584,38663,100247,100247
7085,rus,Russia,2018,77382,1361,0,78743,0,78743,61457,43268,104725,104725
7086,rus,Russia,2019,42413,1445,0,43858,0,43858,62353,48282,110635,110635
7087,rus,Russia,2020,20260,813,0,21073,0,21073,52742,44399,97141,97141
7088,rus,Russia,2021,10901,524,0,11425,0,11425,68547,42959,111506,111506
7089,rus,Russia,2022,1277672,1066,0,1278738,0,1278738,80093,66373,173611,173611
7090,rus,Russia,2023,1230131,891,0,1231022,0,1231022,86135,114669,202057,202057
7091,rus,Russia,2024,10077,1363,0,11440,0,11440,96869,125962,224136,224136
7092,rwa,Rwanda,1961,0,0,0,0,0,0,147000,0,147000,147000
7093,rwa,Rwanda,1962,0,0,0,0,0,0,147000,0,147000,147000
7094,rwa,Rwanda,1963,0,0,0,0,0,0,154000,0,154000,154000
7095,rwa,Rwanda,1964,0,0,0,0,0,0,166300,0,166300,166300
7096,rwa,Rwanda,1965,3000,0,0,3000,0,3000,155900,0,155900,155900
7097,rwa,Rwanda,1966,250,0,0,250,0,250,159600,0,159600,159600
7098,rwa,Rwanda,1967,0,0,0,0,0,0,160230,0,160230,160230
7099,rwa,Rwanda,1968,0,0,0,0,0,0,160100,0,160100,160100
7100,rwa,Rwanda,1969,0,0,0,0,0,0,144930,0,144930,144930
7101,rwa,Rwanda,1970,0,0,0,0,0,0,142050,0,142050,142050
7102,rwa,Rwanda,1971,0,0,0,0,0,0,141630,0,141630,141630
7103,rwa,Rwanda,1972,4000,0,0,4000,0,4000,153650,0,153650,153650
7104,rwa,Rwanda,1973,6500,0,0,6500,0,6500,163595,0,163595,163595
7105,rwa,Rwanda,1974,6000,0,0,6000,0,6000,178260,0,178260,178260
7106,rwa,Rwanda,1975,7400,0,0,7400,0,7400,175720,0,175720,175720
7107,rwa,Rwanda,1976,7500,0,0,7500,0,7500,176410,0,176410,176410
7108,rwa,Rwanda,1977,7500,0,0,7500,0,7500,169780,0,169780,169780
7109,rwa,Rwanda,1978,7600,0,0,7600,0,7600,175110,0,175110,175110
7110,rwa,Rwanda,1979,7900,0,0,7900,0,7900,176540,0,176540,176540
7111,rwa,Rwanda,1980,10450,0,0,10450,0,10450,286650,0,286650,286650
7112,rwa,Rwanda,1981,18150,0,0,18150,0,18150,277010,0,277010,277010
7113,rwa,Rwanda,1982,62000,0,0,62000,0,62000,327950,0,327950,327950
7114,rwa,Rwanda,1983,49500,0,0,49500,0,49500,321760,0,321760,321760
7115,rwa,Rwanda,1984,48940,0,0,48940,0,48940,357110,0,357110,357110
7116,rwa,Rwanda,1985,20110,0,0,20110,0,20110,376520,0,376520,376520
7117,rwa,Rwanda,1986,19400,0,0,19400,0,19400,371910,0,371910,371910
7118,rwa,Rwanda,1987,19470,0,0,19470,0,19470,353440,0,353440,353440
7119,rwa,Rwanda,1988,22202,0,0,22202,0,22202,327540,0,327540,327540
7120,rwa,Rwanda,1989,23290,0,0,23290,0,23290,319500,0,319500,319500
7121,rwa,Rwanda,1990,23601,0,0,23601,0,23601,361317,0,361317,361317
7122,rwa,Rwanda,1991,34004,0,0,34004,0,34004,431239,0,431239,431239
7123,rwa,Rwanda,1992,25162,0,0,25162,0,25162,434731,0,434731,434731
7124,rwa,Rwanda,1993,277000,0,0,277000,0,277000,450459,0,450459,450459
7125,rwa,Rwanda,1994,6000,0,0,6000,300000,306000,2257570,0,2257570,2557570
7126,rwa,Rwanda,1995,7792,0,0,7792,0,7792,1819367,0,1819367,1819367
7127,rwa,Rwanda,1996,25257,0,0,25257,0,25257,469132,0,469132,469132
7128,rwa,Rwanda,1997,34227,0,0,34227,21877,56104,67996,0,67996,89873
7129,rwa,Rwanda,1998,33398,0,0,33398,625000,658398,77738,0,80741,705741
7130,rwa,Rwanda,1999,34363,0,0,34363,0,34363,88934,0,91928,91928
7131,rwa,Rwanda,2000,28398,1716,0,30114,0,30114,119051,24806,143857,143857
7132,rwa,Rwanda,2001,34793,1715,0,36508,0,36508,84508,25910,110418,110418
7133,rwa,Rwanda,2002,30861,1574,0,32435,0,32435,75251,11037,86288,86288
7134,rwa,Rwanda,2003,36608,3019,0,39627,0,39627,75258,10143,85401,85401
7135,rwa,Rwanda,2004,50221,3240,0,53461,0,53461,63792,5354,69146,69146
7136,rwa,Rwanda,2005,45202,4299,0,49501,0,49501,100252,15857,116109,116109
7137,rwa,Rwanda,2006,49191,3945,0,53136,0,53136,92956,8614,101570,101570
7138,rwa,Rwanda,2007,53574,725,0,54299,0,54299,80955,8233,89188,89188
7139,rwa,Rwanda,2008,55067,347,0,55414,0,55414,72529,6083,78617,78617
7140,rwa,Rwanda,2009,54016,278,0,54294,0,54294,129108,4792,133900,133900
7141,rwa,Rwanda,2010,55398,284,0,55682,0,55682,115519,10302,125821,125821
7142,rwa,Rwanda,2011,55325,291,0,55616,0,55616,106832,9255,116087,116087
7143,rwa,Rwanda,2012,58217,1473,89,59779,0,59779,97357,10283,107729,107729
7144,rwa,Rwanda,2013,73352,210,123,73685,0,73685,83943,8483,96418,96418
7145,rwa,Rwanda,2014,73822,218,293,74333,0,74333,79396,10000,94260,94260
7146,rwa,Rwanda,2015,144739,406,965,146110,0,146110,286357,10948,303106,303106
7147,rwa,Rwanda,2016,156065,456,1444,157965,0,157965,286063,11690,303758,303758
7148,rwa,Rwanda,2017,170991,438,1844,173273,0,173273,258986,12801,278464,278464
7149,rwa,Rwanda,2018,145359,423,3734,149516,0,149516,247469,13772,276239,276239
7150,rwa,Rwanda,2019,145054,493,5323,150870,0,150870,246407,15726,277699,277699
7151,rwa,Rwanda,2020,139491,465,5475,145431,0,145431,245781,16648,278040,278040
7152,rwa,Rwanda,2021,121896,393,5520,127809,0,127809,248219,23523,285306,285306
7153,rwa,Rwanda,2022,120753,483,6515,127751,0,127751,249753,17886,280065,280065
7154,rwa,Rwanda,2023,115643,12660,7060,135363,0,135363,249955,18297,280608,280608
7155,rwa,Rwanda,2024,114368,14193,7105,135666,0,135666,249096,21270,282990,282990
7156,wsm,Samoa,2001,0,0,0,0,0,0,0,6,6,6
7157,wsm,Samoa,2002,0,0,0,0,0,0,0,5,5,5
7158,wsm,Samoa,2003,0,0,0,0,0,0,0,0,0,0
7159,wsm,Samoa,2004,0,0,0,0,0,0,0,0,0,0
7160,wsm,Samoa,2005,0,0,0,0,0,0,0,0,0,0
7161,wsm,Samoa,2006,0,0,0,0,0,0,0,0,0,0
7162,wsm,Samoa,2007,0,0,0,0,0,0,0,0,0,0
7163,wsm,Samoa,2008,0,0,0,0,0,0,5,0,5,5
7164,wsm,Samoa,2009,0,0,0,0,0,0,0,0,0,0
7165,wsm,Samoa,2010,0,0,0,0,0,0,0,0,0,0
7166,wsm,Samoa,2011,0,0,0,0,0,0,0,0,0,0
7167,wsm,Samoa,2012,0,0,0,0,0,0,0,11,11,11
7168,wsm,Samoa,2013,0,0,0,0,0,0,0,7,7,7
7169,wsm,Samoa,2014,0,0,0,0,0,0,0,7,7,7
7170,wsm,Samoa,2015,0,5,0,5,0,5,0,9,9,9
7171,wsm,Samoa,2016,5,0,0,5,0,5,0,10,10,10
7172,wsm,Samoa,2017,5,0,0,5,0,5,0,11,11,11
7173,wsm,Samoa,2018,5,0,0,5,0,5,0,42,42,42
7174,wsm,Samoa,2019,0,0,0,0,0,0,0,84,84,84
7175,wsm,Samoa,2020,0,0,0,0,0,0,0,133,133,133
7176,wsm,Samoa,2021,0,0,0,0,0,0,5,160,165,165
7177,wsm,Samoa,2022,0,0,0,0,0,0,8,395,403,403
7178,wsm,Samoa,2023,0,0,0,0,0,0,16,375,391,391
7179,wsm,Samoa,2024,0,0,0,0,0,0,8,484,492,492
7180,smr,San Marino,1998,0,0,0,0,0,0,5,0,5,5
7181,smr,San Marino,1999,0,0,0,0,0,0,5,0,5,5
7182,smr,San Marino,2000,0,0,0,0,0,0,5,0,5,5
7183,smr,San Marino,2001,0,0,0,0,0,0,0,0,0,0
7184,smr,San Marino,2002,0,0,0,0,0,0,5,0,5,5
7185,smr,San Marino,2003,0,0,0,0,0,0,0,0,0,0
7186,smr,San Marino,2004,0,0,0,0,0,0,0,0,0,0
7187,smr,San Marino,2005,0,0,0,0,0,0,0,5,5,5
7188,stp,Sao Tome and Principe,1985,0,0,0,0,0,0,50,0,50,50
7189,stp,Sao Tome and Principe,1986,0,0,0,0,0,0,0,0,0,0
7190,stp,Sao Tome and Principe,1987,0,0,0,0,0,0,0,0,0,0
7191,stp,Sao Tome and Principe,1988,0,0,0,0,0,0,0,0,0,0
7192,stp,Sao Tome and Principe,1989,0,0,0,0,0,0,0,0,0,0
7193,stp,Sao Tome and Principe,1990,0,0,0,0,0,0,0,0,0,0
7194,stp,Sao Tome and Principe,1991,0,0,0,0,0,0,0,0,0,0
7195,stp,Sao Tome and Principe,1992,0,0,0,0,0,0,0,0,0,0
7196,stp,Sao Tome and Principe,1993,0,0,0,0,0,0,0,0,0,0
7197,stp,Sao Tome and Principe,1994,0,0,0,0,0,0,28,0,28,28
7198,stp,Sao Tome and Principe,1995,0,0,0,0,0,0,32,0,32,32
7199,stp,Sao Tome and Principe,1996,0,0,0,0,0,0,47,0,47,47
7200,stp,Sao Tome and Principe,1997,0,0,0,0,0,0,42,0,42,42
7201,stp,Sao Tome and Principe,1998,0,0,0,0,0,0,39,0,39,39
7202,stp,Sao Tome and Principe,1999,0,0,0,0,0,0,29,0,29,29
7203,stp,Sao Tome and Principe,2000,0,0,0,0,0,0,23,6,29,29
7204,stp,Sao Tome and Principe,2001,0,0,0,0,0,0,21,14,35,35
7205,stp,Sao Tome and Principe,2002,0,0,0,0,0,0,41,0,41,41
7206,stp,Sao Tome and Principe,2003,0,0,0,0,0,0,41,0,41,41
7207,stp,Sao Tome and Principe,2004,0,0,0,0,0,0,36,0,36,36
7208,stp,Sao Tome and Principe,2005,0,0,0,0,0,0,23,0,23,23
7209,stp,Sao Tome and Principe,2006,0,0,0,0,0,0,30,0,30,30
7210,stp,Sao Tome and Principe,2007,0,0,0,0,0,0,32,0,32,32
7211,stp,Sao Tome and Principe,2008,0,0,0,0,0,0,32,0,32,32
7212,stp,Sao Tome and Principe,2009,0,0,0,0,0,0,32,0,32,32
7213,stp,Sao Tome and Principe,2010,0,0,0,0,0,0,32,0,32,32
7214,stp,Sao Tome and Principe,2011,0,0,0,0,0,0,32,0,32,32
7215,stp,Sao Tome and Principe,2012,0,0,0,0,0,0,31,0,31,31
7216,stp,Sao Tome and Principe,2013,0,0,0,0,0,0,31,0,31,31
7217,stp,Sao Tome and Principe,2014,0,0,0,0,0,0,24,5,29,29
7218,stp,Sao Tome and Principe,2015,0,0,0,0,0,0,24,10,34,34
7219,stp,Sao Tome and Principe,2016,0,0,0,0,0,0,31,8,39,39
7220,stp,Sao Tome and Principe,2017,0,0,0,0,0,0,31,23,54,54
7221,stp,Sao Tome and Principe,2018,0,0,0,0,0,0,31,25,56,56
7222,stp,Sao Tome and Principe,2019,0,0,0,0,0,0,28,29,57,57
7223,stp,Sao Tome and Principe,2020,0,0,0,0,0,0,28,23,51,51
7224,stp,Sao Tome and Principe,2021,0,0,0,0,0,0,6,25,31,31
7225,stp,Sao Tome and Principe,2022,0,0,0,0,0,0,11,23,34,34
7226,stp,Sao Tome and Principe,2023,0,0,0,0,0,0,11,24,35,35
7227,stp,Sao Tome and Principe,2024,0,0,0,0,0,0,5,20,25,25
7228,sau,Saudi Arabia,1974,100,0,0,100,0,100,0,0,0,0
7229,sau,Saudi Arabia,1975,0,0,0,0,0,0,0,0,0,0
7230,sau,Saudi Arabia,1976,0,0,0,0,0,0,0,0,0,0
7231,sau,Saudi Arabia,1977,0,0,0,0,0,0,0,0,0,0
7232,sau,Saudi Arabia,1978,0,0,0,0,0,0,0,0,0,0
7233,sau,Saudi Arabia,1979,100000,0,0,100000,0,100000,0,0,0,0
7234,sau,Saudi Arabia,1980,100000,0,0,100000,0,100000,0,0,0,0
7235,sau,Saudi Arabia,1981,65000,0,0,65000,0,65000,0,0,0,0
7236,sau,Saudi Arabia,1982,59000,0,0,59000,0,59000,0,0,0,0
7237,sau,Saudi Arabia,1983,59000,0,0,59000,0,59000,0,0,0,0
7238,sau,Saudi Arabia,1984,105500,0,0,105500,0,105500,0,0,0,0
7239,sau,Saudi Arabia,1985,130000,0,0,130000,0,130000,0,0,0,0
7240,sau,Saudi Arabia,1986,202100,0,0,202100,0,202100,0,0,0,0
7241,sau,Saudi Arabia,1987,0,0,0,0,0,0,0,0,0,0
7242,sau,Saudi Arabia,1988,0,0,0,0,0,0,0,0,0,0
7243,sau,Saudi Arabia,1989,0,0,0,0,0,0,0,0,0,0
7244,sau,Saudi Arabia,1990,0,0,0,0,0,0,0,0,0,0
7245,sau,Saudi Arabia,1991,33261,0,0,33261,0,33261,0,0,0,0
7246,sau,Saudi Arabia,1992,28660,0,0,28660,0,28660,0,0,0,0
7247,sau,Saudi Arabia,1993,24025,0,0,24025,0,24025,5,0,5,5
7248,sau,Saudi Arabia,1994,17965,0,0,17965,0,17965,180,0,180,180
7249,sau,Saudi Arabia,1995,13169,0,0,13169,0,13169,261,0,261,261
7250,sau,Saudi Arabia,1996,9852,0,0,9852,0,9852,244,0,244,244
7251,sau,Saudi Arabia,1997,5833,0,0,5833,0,5833,358,0,358,358
7252,sau,Saudi Arabia,1998,5531,0,0,5531,0,5531,362,0,362,362
7253,sau,Saudi Arabia,1999,5560,0,0,5560,0,5560,233,0,233,233
7254,sau,Saudi Arabia,2000,5308,173,0,5481,0,5481,77,41,118,118
7255,sau,Saudi Arabia,2001,245266,235,0,245501,0,245501,29,147,176,176
7256,sau,Saudi Arabia,2002,245290,125,0,245415,0,245415,104,105,209,209
7257,sau,Saudi Arabia,2003,240831,94,0,240925,0,240925,232,99,331,331
7258,sau,Saudi Arabia,2004,240551,172,0,240723,0,240723,212,83,295,295
7259,sau,Saudi Arabia,2005,240701,212,0,240913,0,240913,146,65,211,211
7260,sau,Saudi Arabia,2006,240772,269,0,241041,0,241041,609,42,651,651
7261,sau,Saudi Arabia,2007,240742,284,0,241026,0,241026,737,30,767,767
7262,sau,Saudi Arabia,2008,240570,189,0,240759,0,240759,700,33,733,733
7263,sau,Saudi Arabia,2009,573,101,0,674,0,674,629,43,672,672
7264,sau,Saudi Arabia,2010,578,85,0,663,0,663,659,75,734,734
7265,sau,Saudi Arabia,2011,595,80,0,675,0,675,733,103,836,836
7266,sau,Saudi Arabia,2012,575,98,0,673,0,673,811,141,952,952
7267,sau,Saudi Arabia,2013,557,98,0,655,0,655,575,192,777,777
7268,sau,Saudi Arabia,2014,559,99,0,658,0,658,616,380,1008,1008
7269,sau,Saudi Arabia,2015,122,33,0,155,0,155,686,561,1257,1257
7270,sau,Saudi Arabia,2016,136,51,0,187,0,187,937,987,1933,1933
7271,sau,Saudi Arabia,2017,153,82,0,235,0,235,1219,1247,2475,2475
7272,sau,Saudi Arabia,2018,263,2167,0,2430,0,2430,1492,1436,2938,2938
7273,sau,Saudi Arabia,2019,315,2327,0,2642,0,2642,1721,1410,3157,3157
7274,sau,Saudi Arabia,2020,330,9434,0,9764,0,9764,2003,1249,3278,3278
7275,sau,Saudi Arabia,2021,333,12449,0,12782,0,12782,2167,1541,3740,3740
7276,sau,Saudi Arabia,2022,454,3941,0,4395,0,4395,1942,2537,4510,4510
7277,sau,Saudi Arabia,2023,477,3945,0,4422,0,4422,2090,1640,3757,3757
7278,sau,Saudi Arabia,2024,448,3907,0,4355,0,4355,2332,1539,3891,3891
7279,sen,Senegal,1963,6000,0,0,6000,0,6000,0,0,0,0
7280,sen,Senegal,1964,30000,0,0,30000,0,30000,0,0,0,0
7281,sen,Senegal,1965,50000,0,0,50000,0,50000,0,0,0,0
7282,sen,Senegal,1966,61400,0,0,61400,0,61400,0,0,0,0
7283,sen,Senegal,1967,59870,0,0,59870,0,59870,0,0,0,0
7284,sen,Senegal,1968,57210,0,0,57210,0,57210,0,0,0,0
7285,sen,Senegal,1969,68400,0,0,68400,0,68400,0,0,0,0
7286,sen,Senegal,1970,67060,0,0,67060,0,67060,0,0,0,0
7287,sen,Senegal,1971,80000,0,0,80000,0,80000,0,0,0,0
7288,sen,Senegal,1972,82000,0,0,82000,0,82000,0,0,0,0
7289,sen,Senegal,1973,84000,0,0,84000,0,84000,0,0,0,0
7290,sen,Senegal,1974,90000,0,0,90000,0,90000,0,0,0,0
7291,sen,Senegal,1975,46000,0,0,46000,0,46000,0,0,0,0
7292,sen,Senegal,1976,38000,0,0,38000,0,38000,0,0,0,0
7293,sen,Senegal,1977,5000,0,0,5000,0,5000,0,0,0,0
7294,sen,Senegal,1978,5000,0,0,5000,0,5000,0,0,0,0
7295,sen,Senegal,1979,5000,0,0,5000,0,5000,0,0,0,0
7296,sen,Senegal,1980,5000,0,0,5000,0,5000,0,0,0,0
7297,sen,Senegal,1981,4000,0,0,4000,0,4000,0,0,0,0
7298,sen,Senegal,1982,5250,0,0,5250,0,5250,0,0,0,0
7299,sen,Senegal,1983,5140,0,0,5140,0,5140,0,0,0,0
7300,sen,Senegal,1984,5200,0,0,5200,0,5200,0,0,0,0
7301,sen,Senegal,1985,5500,0,0,5500,0,5500,0,0,0,0
7302,sen,Senegal,1986,5510,0,0,5510,0,5510,0,0,0,0
7303,sen,Senegal,1987,5180,0,0,5180,0,5180,0,0,0,0
7304,sen,Senegal,1988,5203,0,0,5203,0,5203,5,0,5,5
7305,sen,Senegal,1989,53345,0,0,53345,0,53345,15006,0,15006,15006
7306,sen,Senegal,1990,58113,0,0,58113,0,58113,60006,0,60006,60006
7307,sen,Senegal,1991,71908,0,0,71908,0,71908,25137,0,25137,25137
7308,sen,Senegal,1992,71620,0,0,71620,0,71620,15463,0,15463,15463
7309,sen,Senegal,1993,73001,0,0,73001,0,73001,22594,0,22594,22594
7310,sen,Senegal,1994,72994,0,0,72994,0,72994,25619,0,25619,25619
7311,sen,Senegal,1995,66762,0,0,66762,0,66762,17587,0,17587,17587
7312,sen,Senegal,1996,65042,0,0,65042,0,65042,17630,0,17630,17630
7313,sen,Senegal,1997,57220,0,0,57220,0,57220,17163,0,17163,17163
7314,sen,Senegal,1998,60822,0,0,60822,0,60822,9712,0,9712,9712
7315,sen,Senegal,1999,21537,0,0,21537,0,21537,11598,0,11598,11598
7316,sen,Senegal,2000,20762,1948,0,22710,0,22710,11077,914,11991,11991
7317,sen,Senegal,2001,20703,2639,0,23342,0,23342,8554,1232,9786,9786
7318,sen,Senegal,2002,20706,1924,0,22630,0,22630,12069,781,12850,12850
7319,sen,Senegal,2003,20722,2260,0,22982,0,22982,8347,831,9178,9178
7320,sen,Senegal,2004,20802,2407,0,23209,0,23209,8325,1544,9869,9869
7321,sen,Senegal,2005,20706,2628,0,23334,0,23334,8662,1833,10495,10495
7322,sen,Senegal,2006,20587,2633,0,23220,0,23220,15150,1229,16379,16379
7323,sen,Senegal,2007,20417,2539,0,22956,0,22956,15886,888,16774,16774
7324,sen,Senegal,2008,33189,2692,0,35881,0,35881,16007,805,16812,16812
7325,sen,Senegal,2009,22143,2792,0,24935,0,24935,16306,616,16922,16922
7326,sen,Senegal,2010,20670,2174,0,22844,0,22844,16255,1522,17777,17777
7327,sen,Senegal,2011,20640,2261,0,22901,0,22901,17710,926,18636,18636
7328,sen,Senegal,2012,14229,2333,0,16562,0,16562,18717,2648,21365,21365
7329,sen,Senegal,2013,14241,2474,0,16715,0,16715,19815,4680,24495,24495
7330,sen,Senegal,2014,14267,2911,0,17178,0,17178,23110,8717,31827,31827
7331,sen,Senegal,2015,14383,3116,0,17499,0,17499,21267,14301,35568,35568
7332,sen,Senegal,2016,14575,3213,0,17788,0,17788,23054,16301,39355,39355
7333,sen,Senegal,2017,14646,3368,0,18014,0,18014,26584,25181,51765,51765
7334,sen,Senegal,2018,14359,1699,0,16058,0,16058,18208,17409,35617,35617
7335,sen,Senegal,2019,14467,1791,0,16258,0,16258,17208,15331,32539,32539
7336,sen,Senegal,2020,14361,1913,0,16274,0,16274,13986,15786,29772,29772
7337,sen,Senegal,2021,14479,2045,0,16524,0,16524,15129,17466,32595,32595
7338,sen,Senegal,2022,11802,260,0,12062,0,12062,13108,17358,30466,30466
7339,sen,Senegal,2023,11856,770,0,12626,0,12626,11924,18780,30704,30704
7340,sen,Senegal,2024,11836,1228,0,13064,0,13064,12947,39749,52696,52696
7341,srb,Serbia,1965,25820,0,0,25820,0,25820,0,0,0,0
7342,srb,Serbia,1966,26100,0,0,26100,0,26100,0,0,0,0
7343,srb,Serbia,1967,26210,0,0,26210,0,26210,0,0,0,0
7344,srb,Serbia,1968,26270,0,0,26270,0,26270,0,0,0,0
7345,srb,Serbia,1969,26120,0,0,26120,0,26120,130,0,130,130
7346,srb,Serbia,1970,26120,0,0,26120,0,26120,150,0,150,150
7347,srb,Serbia,1971,24000,0,0,24000,0,24000,140,0,140,140
7348,srb,Serbia,1972,26700,0,0,26700,0,26700,130,0,130,130
7349,srb,Serbia,1973,26290,0,0,26290,0,26290,130,0,130,130
7350,srb,Serbia,1974,26300,0,0,26300,0,26300,120,0,120,120
7351,srb,Serbia,1975,26300,0,0,26300,0,26300,120,0,120,120
7352,srb,Serbia,1976,26000,0,0,26000,0,26000,0,0,0,0
7353,srb,Serbia,1977,2000,0,0,2000,0,2000,0,0,0,0
7354,srb,Serbia,1978,1970,0,0,1970,0,1970,4200,0,4200,4200
7355,srb,Serbia,1979,1970,0,0,1970,0,1970,0,0,0,0
7356,srb,Serbia,1980,1970,0,0,1970,0,1970,270,0,270,270
7357,srb,Serbia,1981,1920,0,0,1920,0,1920,214,0,214,214
7358,srb,Serbia,1982,2030,0,0,2030,0,2030,177,0,177,177
7359,srb,Serbia,1983,2020,0,0,2020,0,2020,157,0,157,157
7360,srb,Serbia,1984,3150,0,0,3150,0,3150,91,0,91,91
7361,srb,Serbia,1985,3530,0,0,3530,0,3530,91,0,91,91
7362,srb,Serbia,1986,2180,0,0,2180,0,2180,72,0,72,72
7363,srb,Serbia,1987,1400,0,0,1400,0,1400,42,0,42,42
7364,srb,Serbia,1988,850,0,0,850,0,850,99,0,99,99
7365,srb,Serbia,1989,955,0,0,955,0,955,96,0,96,96
7366,srb,Serbia,1990,920,0,0,920,0,920,1745,0,1745,1745
7367,srb,Serbia,1991,517,0,0,517,0,517,45826,0,45826,45826
7368,srb,Serbia,1992,516430,0,0,516430,0,516430,90081,0,90081,90081
7369,srb,Serbia,1993,479110,0,0,479110,0,479110,58255,0,58255,58255
7370,srb,Serbia,1994,450694,0,0,450694,0,450694,54975,0,54975,54975
7371,srb,Serbia,1995,650695,0,0,650695,490,651185,86116,0,86116,86606
7372,srb,Serbia,1996,563210,0,0,563210,487,563697,103963,0,103963,104450
7373,srb,Serbia,1997,550064,0,0,550064,470,550534,106649,0,106649,107119
7374,srb,Serbia,1998,502035,0,0,502035,225000,727035,115289,0,117605,342605
7375,srb,Serbia,1999,501263,0,0,501263,234900,736163,172506,0,172506,407406
7376,srb,Serbia,2000,484390,8,85000,569398,267500,836898,146749,49001,280750,548250
7377,srb,Serbia,2001,400306,50,85000,485356,263600,748956,144231,50823,280054,543654
7378,srb,Serbia,2002,354400,30,85000,439430,261826,701256,327582,17922,430504,692330
7379,srb,Serbia,2003,291397,33,85000,376430,251833,628263,296627,14236,395863,647696
7380,srb,Serbia,2004,276677,38,85000,361715,248154,609869,237015,9646,331661,579815
7381,srb,Serbia,2005,148259,24,85000,233283,246391,479674,189985,18133,293118,539509
7382,srb,Serbia,2006,98995,0,85000,183995,227590,411585,174022,19046,278547,506137
7383,srb,Serbia,2007,97991,11,0,98002,226350,324352,165636,14233,180323,406673
7384,srb,Serbia,2008,96735,34,0,96769,225879,322648,185930,14678,212108,437987
7385,srb,Serbia,2009,86348,25,386,86759,224881,311640,195625,12297,218308,443189
7386,srb,Serbia,2010,73604,194,0,73798,228442,302240,183284,16183,208066,436508
7387,srb,Serbia,2011,70702,392,519,71613,228215,299828,161664,15401,186744,414959
7388,srb,Serbia,2012,66367,315,723,67405,227821,295226,158903,16644,178123,405944
7389,srb,Serbia,2013,57079,380,777,58236,227495,285731,48725,22625,75544,303039
7390,srb,Serbia,2014,43749,439,0,44188,223139,267327,45730,45573,91303,314442
7391,srb,Serbia,2015,35326,108,0,35434,220002,255436,38620,53292,91912,311914
7392,srb,Serbia,2016,36517,122,0,36639,219633,256272,36928,21699,58627,278260
7393,srb,Serbia,2017,32205,141,0,32346,217453,249799,33246,12807,46053,263506
7394,srb,Serbia,2018,30944,219,0,31163,215794,246957,32368,9702,42070,257864
7395,srb,Serbia,2019,26427,274,5833,32534,214696,247230,31251,7463,38714,253410
7396,srb,Serbia,2020,26085,302,6514,32901,213018,245919,29976,7105,37220,250238
7397,srb,Serbia,2021,25644,223,4319,30186,211823,242009,31735,6708,38581,250404
7398,srb,Serbia,2022,26521,191,3533,30245,210308,240553,30677,6668,37377,247685
7399,srb,Serbia,2023,29365,163,3023,32551,209790,242341,29807,5781,35601,245391
7400,srb,Serbia,2024,36068,202,592,36862,209753,246615,31438,6104,37542,247295
7401,syc,Seychelles,1988,0,0,0,0,0,0,49,0,49,49
7402,syc,Seychelles,1989,0,0,0,0,0,0,49,0,49,49
7403,syc,Seychelles,1990,0,0,0,0,0,0,58,0,58,58
7404,syc,Seychelles,1991,0,0,0,0,0,0,67,0,67,67
7405,syc,Seychelles,1992,0,0,0,0,0,0,52,0,52,52
7406,syc,Seychelles,1993,0,0,0,0,0,0,27,0,27,27
7407,syc,Seychelles,1994,0,0,0,0,0,0,553,0,553,553
7408,syc,Seychelles,1995,0,0,0,0,0,0,339,0,339,339
7409,syc,Seychelles,1996,0,0,0,0,0,0,138,0,138,138
7410,syc,Seychelles,1997,0,0,0,0,0,0,32,0,32,32
7411,syc,Seychelles,1998,0,0,0,0,0,0,38,0,38,38
7412,syc,Seychelles,1999,0,0,0,0,0,0,30,0,30,30
7413,syc,Seychelles,2000,0,0,0,0,0,0,25,12,37,37
7414,syc,Seychelles,2001,0,0,0,0,0,0,14,26,40,40
7415,syc,Seychelles,2002,0,0,0,0,0,0,43,28,71,71
7416,syc,Seychelles,2003,0,0,0,0,0,0,37,13,50,50
7417,syc,Seychelles,2004,0,0,0,0,0,0,47,10,57,57
7418,syc,Seychelles,2005,0,0,0,0,0,0,39,8,47,47
7419,syc,Seychelles,2006,0,0,0,0,0,0,61,5,66,66
7420,syc,Seychelles,2007,0,0,0,0,0,0,54,8,62,62
7421,syc,Seychelles,2008,0,0,0,0,0,0,51,14,65,65
7422,syc,Seychelles,2009,0,0,0,0,0,0,47,7,54,54
7423,syc,Seychelles,2010,0,0,0,0,0,0,47,0,47,47
7424,syc,Seychelles,2011,0,0,0,0,0,0,39,0,39,39
7425,syc,Seychelles,2012,0,0,0,0,0,0,30,0,30,30
7426,syc,Seychelles,2013,0,0,0,0,0,0,24,0,24,24
7427,syc,Seychelles,2014,0,0,0,0,0,0,23,12,35,35
7428,syc,Seychelles,2015,0,0,0,0,0,0,19,20,39,39
7429,syc,Seychelles,2016,0,0,0,0,0,0,10,5,15,15
7430,syc,Seychelles,2017,0,0,0,0,0,0,10,5,15,15
7431,syc,Seychelles,2018,0,0,0,0,0,0,15,0,15,15
7432,syc,Seychelles,2019,0,0,0,0,0,0,15,6,21,21
7433,syc,Seychelles,2020,0,0,0,0,0,0,10,5,15,15
7434,syc,Seychelles,2021,0,0,0,0,0,0,14,0,14,14
7435,syc,Seychelles,2022,0,0,0,0,0,0,9,5,14,14
7436,syc,Seychelles,2023,0,0,0,0,0,0,10,13,23,23
7437,syc,Seychelles,2024,0,0,0,0,0,0,10,18,28,28
7438,sle,Sierra Leone,1969,500,0,0,500,0,500,0,0,0,0
7439,sle,Sierra Leone,1970,0,0,0,0,0,0,0,0,0,0
7440,sle,Sierra Leone,1971,0,0,0,0,0,0,0,0,0,0
7441,sle,Sierra Leone,1972,0,0,0,0,0,0,0,0,0,0
7442,sle,Sierra Leone,1973,0,0,0,0,0,0,0,0,0,0
7443,sle,Sierra Leone,1974,0,0,0,0,0,0,0,0,0,0
7444,sle,Sierra Leone,1975,0,0,0,0,0,0,0,0,0,0
7445,sle,Sierra Leone,1976,170,0,0,170,0,170,0,0,0,0
7446,sle,Sierra Leone,1977,150,0,0,150,0,150,0,0,0,0
7447,sle,Sierra Leone,1978,50,0,0,50,0,50,0,0,0,0
7448,sle,Sierra Leone,1979,60,0,0,60,0,60,0,0,0,0
7449,sle,Sierra Leone,1980,0,0,0,0,0,0,0,0,0,0
7450,sle,Sierra Leone,1981,0,0,0,0,0,0,0,0,0,0
7451,sle,Sierra Leone,1982,120,0,0,120,0,120,0,0,0,0
7452,sle,Sierra Leone,1983,150,0,0,150,0,150,0,0,0,0
7453,sle,Sierra Leone,1984,180,0,0,180,0,180,0,0,0,0
7454,sle,Sierra Leone,1985,160,0,0,160,0,160,0,0,0,0
7455,sle,Sierra Leone,1986,170,0,0,170,0,170,0,0,0,0
7456,sle,Sierra Leone,1987,90,0,0,90,0,90,0,0,0,0
7457,sle,Sierra Leone,1988,60,0,0,60,0,60,8,0,8,8
7458,sle,Sierra Leone,1989,0,0,0,0,0,0,8,0,8,8
7459,sle,Sierra Leone,1990,125830,0,0,125830,0,125830,8,0,8,8
7460,sle,Sierra Leone,1991,28036,0,0,28036,0,28036,142614,0,142614,142614
7461,sle,Sierra Leone,1992,5866,0,0,5866,0,5866,253591,0,253591,253591
7462,sle,Sierra Leone,1993,16274,0,0,16274,532000,548274,311181,0,311181,843181
7463,sle,Sierra Leone,1994,15866,0,0,15866,782000,797866,275298,0,275298,1057298
7464,sle,Sierra Leone,1995,4677,0,0,4677,654600,659277,379491,0,379491,1034091
7465,sle,Sierra Leone,1996,13536,0,0,13536,654600,668136,375100,0,375100,1029700
7466,sle,Sierra Leone,1997,13015,0,0,13015,670000,683015,329322,0,329322,999322
7467,sle,Sierra Leone,1998,9862,0,0,9862,670000,679862,406070,0,406070,1076070
7468,sle,Sierra Leone,1999,6566,0,0,6566,500000,506566,490047,0,490047,990047
7469,sle,Sierra Leone,2000,6543,458,0,7001,300000,307001,402798,6862,409683,709683
7470,sle,Sierra Leone,2001,10498,273,0,10771,0,10771,179097,9065,188162,188162
7471,sle,Sierra Leone,2002,63491,278,0,63769,0,63769,141473,7465,148938,148938
7472,sle,Sierra Leone,2003,61192,136,0,61328,0,61328,70571,6907,77478,77478
7473,sle,Sierra Leone,2004,65433,136,0,65569,0,65569,41797,8119,49916,49916
7474,sle,Sierra Leone,2005,59962,174,0,60136,0,60136,40473,5925,46398,46398
7475,sle,Sierra Leone,2006,27364,228,0,27592,0,27592,42849,5624,48473,48473
7476,sle,Sierra Leone,2007,8794,226,0,9020,0,9020,32114,4654,36768,36768
7477,sle,Sierra Leone,2008,7825,329,0,8154,0,8154,32517,2615,35132,35132
7478,sle,Sierra Leone,2009,9050,207,0,9257,0,9257,15398,2949,23003,23003
7479,sle,Sierra Leone,2010,8362,204,0,8566,0,8566,11261,1407,14518,14518
7480,sle,Sierra Leone,2011,8091,61,0,8152,0,8152,7985,1204,11039,11039
7481,sle,Sierra Leone,2012,4203,66,0,4269,0,4269,6191,2306,10103,10103
7482,sle,Sierra Leone,2013,2816,36,0,2852,0,2852,5305,2394,9239,9239
7483,sle,Sierra Leone,2014,1371,12,0,1383,0,1383,4988,3151,9618,9618
7484,sle,Sierra Leone,2015,760,12,0,772,0,772,4900,3486,9865,9865
7485,sle,Sierra Leone,2016,683,5,0,688,0,688,4678,4674,10831,10831
7486,sle,Sierra Leone,2017,678,0,0,678,0,678,4496,6236,11106,11106
7487,sle,Sierra Leone,2018,591,0,0,591,0,591,4846,7422,12268,12268
7488,sle,Sierra Leone,2019,441,0,0,441,0,441,5288,7272,12560,12560
7489,sle,Sierra Leone,2020,342,0,0,342,0,342,5734,8384,14118,14118
7490,sle,Sierra Leone,2021,345,0,0,345,0,345,6615,5685,12305,12305
7491,sle,Sierra Leone,2022,0,0,324,324,0,324,6939,6226,13165,13165
7492,sle,Sierra Leone,2023,0,0,210,210,0,210,7445,8160,15619,15619
7493,sle,Sierra Leone,2024,0,0,210,210,0,210,8042,8893,16935,16935
7494,sgp,Singapore,1978,730,0,0,730,0,730,0,0,0,0
7495,sgp,Singapore,1979,900,0,0,900,0,900,0,0,0,0
7496,sgp,Singapore,1980,0,0,0,0,0,0,0,0,0,0
7497,sgp,Singapore,1981,0,0,0,0,0,0,0,0,0,0
7498,sgp,Singapore,1982,480,0,0,480,0,480,0,0,0,0
7499,sgp,Singapore,1983,290,0,0,290,0,290,0,0,0,0
7500,sgp,Singapore,1984,0,0,0,0,0,0,0,0,0,0
7501,sgp,Singapore,1985,0,0,0,0,0,0,0,0,0,0
7502,sgp,Singapore,1986,60,0,0,60,0,60,0,0,0,0
7503,sgp,Singapore,1987,320,0,0,320,0,320,0,0,0,0
7504,sgp,Singapore,1988,320,0,0,320,0,320,8,0,8,8
7505,sgp,Singapore,1989,480,0,0,480,0,480,5,0,5,5
7506,sgp,Singapore,1990,146,0,0,146,0,146,0,0,0,0
7507,sgp,Singapore,1991,166,0,0,166,0,166,0,0,0,0
7508,sgp,Singapore,1992,115,0,0,115,0,115,0,0,0,0
7509,sgp,Singapore,1993,5,0,0,5,0,5,0,0,0,0
7510,sgp,Singapore,1994,10,0,0,10,0,10,8,0,8,8
7511,sgp,Singapore,1995,109,0,0,109,0,109,8,0,8,8
7512,sgp,Singapore,1996,10,0,0,10,0,10,18,0,18,18
7513,sgp,Singapore,1997,5,0,0,5,0,5,20,0,20,20
7514,sgp,Singapore,1998,5,0,0,5,0,5,21,0,21,21
7515,sgp,Singapore,1999,0,0,0,0,0,0,24,0,24,24
7516,sgp,Singapore,2000,0,0,0,0,0,0,21,17,38,38
7517,sgp,Singapore,2001,0,0,0,0,0,0,15,19,34,34
7518,sgp,Singapore,2002,0,0,0,0,0,0,40,20,60,60
7519,sgp,Singapore,2003,0,0,0,0,0,0,35,20,55,55
7520,sgp,Singapore,2004,0,0,0,0,0,0,36,15,51,51
7521,sgp,Singapore,2005,0,0,0,0,0,0,35,22,57,57
7522,sgp,Singapore,2006,0,10,0,10,0,10,108,11,119,119
7523,sgp,Singapore,2007,7,21,0,28,0,28,117,14,131,131
7524,sgp,Singapore,2008,7,0,0,7,0,7,106,13,119,119
7525,sgp,Singapore,2009,5,0,0,5,0,5,77,12,89,89
7526,sgp,Singapore,2010,5,0,0,5,0,5,74,10,84,84
7527,sgp,Singapore,2011,0,0,0,0,0,0,65,18,83,83
7528,sgp,Singapore,2012,0,0,0,0,0,0,64,25,89,89
7529,sgp,Singapore,2013,0,0,0,0,0,0,61,30,91,91
7530,sgp,Singapore,2014,5,0,0,5,0,5,55,31,86,86
7531,sgp,Singapore,2015,0,0,0,0,0,0,50,45,95,95
7532,sgp,Singapore,2016,0,0,0,0,0,0,38,47,85,85
7533,sgp,Singapore,2017,0,0,0,0,0,0,48,55,103,103
7534,sgp,Singapore,2018,0,0,0,0,0,0,46,70,116,116
7535,sgp,Singapore,2019,0,0,0,0,0,0,39,88,127,127
7536,sgp,Singapore,2020,0,0,0,0,0,0,37,74,111,111
7537,sgp,Singapore,2021,0,0,0,0,0,0,34,100,134,134
7538,sgp,Singapore,2022,0,0,0,0,0,0,33,117,150,150
7539,sgp,Singapore,2023,0,0,0,0,0,0,37,229,266,266
7540,sgp,Singapore,2024,0,0,0,0,0,0,45,303,348,348
7541,svk,Slovak Republic,1993,1521,0,0,1521,0,1521,0,0,0,0
7542,svk,Slovak Republic,1994,159,0,0,159,0,159,12,0,12,12
7543,svk,Slovak Republic,1995,2339,0,0,2339,0,2339,24,0,24,24
7544,svk,Slovak Republic,1996,1387,0,0,1387,0,1387,57,0,57,57
7545,svk,Slovak Republic,1997,746,0,0,746,0,746,69,0,69,69
7546,svk,Slovak Republic,1998,418,0,0,418,0,418,143,0,143,143
7547,svk,Slovak Republic,1999,436,0,0,436,0,436,178,0,178,178
7548,svk,Slovak Republic,2000,444,379,0,823,0,823,216,796,1012,1012
7549,svk,Slovak Republic,2001,461,3143,0,3604,0,3604,189,674,863,863
7550,svk,Slovak Republic,2002,443,4497,0,4940,0,4940,596,706,1302,1302
7551,svk,Slovak Republic,2003,412,4634,0,5046,0,5046,668,402,1070,1070
7552,svk,Slovak Republic,2004,396,2905,0,3301,0,3301,618,212,830,830
7553,svk,Slovak Republic,2005,352,2704,0,3056,0,3056,787,201,988,988
7554,svk,Slovak Republic,2006,235,2740,0,2975,0,2975,741,282,1023,1023
7555,svk,Slovak Republic,2007,265,578,0,843,0,843,346,97,443,443
7556,svk,Slovak Republic,2008,301,307,0,608,0,608,333,129,462,462
7557,svk,Slovak Republic,2009,387,254,59,700,0,700,336,348,684,684
7558,svk,Slovak Republic,2010,451,267,0,718,0,718,157,424,581,581
7559,svk,Slovak Republic,2011,535,185,46,766,0,766,271,538,809,809
7560,svk,Slovak Republic,2012,650,194,69,913,0,913,231,624,855,855
7561,svk,Slovak Republic,2013,691,200,138,1029,0,1029,321,399,720,720
7562,svk,Slovak Republic,2014,791,220,131,1142,0,1142,316,327,643,643
7563,svk,Slovak Republic,2015,816,173,83,1072,0,1072,325,541,866,866
7564,svk,Slovak Republic,2016,980,38,46,1064,0,1064,792,580,1372,1372
7565,svk,Slovak Republic,2017,912,26,10,948,0,948,913,699,1612,1612
7566,svk,Slovak Republic,2018,938,17,0,955,0,955,1218,390,1608,1608
7567,svk,Slovak Republic,2019,965,5,0,970,0,970,1343,231,1574,1574
7568,svk,Slovak Republic,2020,1006,44,0,1050,0,1050,1368,209,1577,1577
7569,svk,Slovak Republic,2021,1046,43,0,1089,0,1089,1426,171,1597,1597
7570,svk,Slovak Republic,2022,96563,104,0,96667,0,96667,569,213,782,782
7571,svk,Slovak Republic,2023,126866,92,0,126958,0,126958,628,113,741,741
7572,svk,Slovak Republic,2024,144269,80,0,144349,0,144349,664,137,801,801
7573,svn,Slovenia,1992,74100,0,0,74100,0,74100,0,0,0,0
7574,svn,Slovenia,1993,45000,0,0,45000,0,45000,28429,0,28429,28429
7575,svn,Slovenia,1994,29156,0,0,29156,0,29156,14829,0,14829,14829
7576,svn,Slovenia,1995,22314,0,0,22314,0,22314,12858,0,12858,12858
7577,svn,Slovenia,1996,10014,0,0,10014,0,10014,3369,0,3369,3369
7578,svn,Slovenia,1997,5133,0,0,5133,0,5133,3414,0,3414,3414
7579,svn,Slovenia,1998,3462,0,12131,15593,0,15593,3299,0,3299,3299
7580,svn,Slovenia,1999,4380,0,11334,15714,0,15714,3293,0,3293,3293
7581,svn,Slovenia,2000,2814,8813,4739,16366,0,16366,3278,19,3297,3297
7582,svn,Slovenia,2001,2411,284,4451,7146,0,7146,762,22,784,784
7583,svn,Slovenia,2002,384,187,1279,1850,0,1850,853,28,881,881
7584,svn,Slovenia,2003,2065,122,779,2966,0,2966,608,25,633,633
7585,svn,Slovenia,2004,299,310,0,609,0,609,580,11,591,591
7586,svn,Slovenia,2005,243,182,0,425,0,425,154,19,173,173
7587,svn,Slovenia,2006,249,173,0,422,0,422,1757,11,1768,1768
7588,svn,Slovenia,2007,255,44,0,299,0,299,47,9,56,56
7589,svn,Slovenia,2008,257,74,0,331,0,331,49,12,61,61
7590,svn,Slovenia,2009,281,78,0,359,0,359,35,16,51,51
7591,svn,Slovenia,2010,315,112,0,427,0,427,35,15,50,50
7592,svn,Slovenia,2011,134,93,0,227,0,227,30,7,37,37
7593,svn,Slovenia,2012,169,93,0,262,0,262,32,12,44,44
7594,svn,Slovenia,2013,202,5,0,207,0,207,27,11,38,38
7595,svn,Slovenia,2014,251,61,0,312,0,312,25,5,30,30
7596,svn,Slovenia,2015,284,92,0,376,0,376,21,10,31,31
7597,svn,Slovenia,2016,454,309,0,763,0,763,20,12,32,32
7598,svn,Slovenia,2017,611,264,0,875,0,875,17,14,31,31
7599,svn,Slovenia,2018,746,245,0,991,0,991,19,10,29,29
7600,svn,Slovenia,2019,741,308,5,1054,0,1054,19,15,34,34
7601,svn,Slovenia,2020,823,277,5,1105,0,1105,17,5,22,22
7602,svn,Slovenia,2021,839,572,8,1419,0,1419,17,10,27,27
7603,svn,Slovenia,2022,8705,495,5,9205,0,9205,7,31,38,38
7604,svn,Slovenia,2023,10525,1143,5,11673,0,11673,7,91,98,98
7605,svn,Slovenia,2024,12524,845,5,13374,0,13374,17,100,117,117
7606,slb,Solomon Islands,1995,2000,0,0,2000,0,2000,34,0,34,34
7607,slb,Solomon Islands,1996,2000,0,0,2000,0,2000,34,0,34,34
7608,slb,Solomon Islands,1997,800,0,0,800,0,800,34,0,34,34
7609,slb,Solomon Islands,1998,210,0,0,210,0,210,34,0,34,34
7610,slb,Solomon Islands,1999,0,0,0,0,0,0,34,0,34,34
7611,slb,Solomon Islands,2000,0,0,0,0,0,0,34,23,57,57
7612,slb,Solomon Islands,2001,0,0,0,0,0,0,42,14,56,56
7613,slb,Solomon Islands,2002,0,0,0,0,0,0,55,5,60,60
7614,slb,Solomon Islands,2003,0,0,0,0,0,0,61,15,76,76
7615,slb,Solomon Islands,2004,0,0,0,0,0,0,61,10,71,71
7616,slb,Solomon Islands,2005,0,0,0,0,0,0,27,10,37,37
7617,slb,Solomon Islands,2006,0,0,0,0,0,0,37,26,63,63
7618,slb,Solomon Islands,2007,0,0,0,0,0,0,47,22,69,69
7619,slb,Solomon Islands,2008,0,0,0,0,0,0,51,0,51,51
7620,slb,Solomon Islands,2009,0,0,0,0,0,0,65,0,65,65
7621,slb,Solomon Islands,2010,0,0,0,0,0,0,75,0,75,75
7622,slb,Solomon Islands,2011,0,0,0,0,0,0,72,5,77,77
7623,slb,Solomon Islands,2012,0,5,0,5,0,5,60,5,65,65
7624,slb,Solomon Islands,2013,0,5,0,5,0,5,60,10,70,70
7625,slb,Solomon Islands,2014,5,0,0,5,0,5,70,20,90,90
7626,slb,Solomon Islands,2015,5,0,0,5,0,5,71,37,108,108
7627,slb,Solomon Islands,2016,0,0,0,0,0,0,71,79,150,150
7628,slb,Solomon Islands,2017,0,0,0,0,0,0,57,106,163,163
7629,slb,Solomon Islands,2018,0,5,0,5,0,5,33,145,178,178
7630,slb,Solomon Islands,2019,0,0,0,0,0,0,34,227,261,261
7631,slb,Solomon Islands,2020,0,0,0,0,0,0,37,267,304,304
7632,slb,Solomon Islands,2021,0,0,0,0,1000,1000,38,314,352,1352
7633,slb,Solomon Islands,2022,0,0,0,0,1000,1000,44,560,604,1604
7634,slb,Solomon Islands,2023,0,0,0,0,1000,1000,36,520,556,1556
7635,slb,Solomon Islands,2024,0,0,0,0,11,11,44,835,879,890
7636,som,Somalia,1975,0,0,0,0,0,0,110,0,110,110
7637,som,Somalia,1976,0,0,0,0,0,0,50,0,50,50
7638,som,Somalia,1977,500000,0,0,500000,0,500000,60,0,60,60
7639,som,Somalia,1978,600000,0,0,600000,0,600000,90,0,90,90
7640,som,Somalia,1979,1175190,0,0,1175190,0,1175190,90,0,90,90
7641,som,Somalia,1980,2000000,0,0,2000000,0,2000000,134,0,134,134
7642,som,Somalia,1981,700000,0,0,700000,0,700000,34,0,34,34
7643,som,Somalia,1982,700000,0,0,700000,0,700000,118,0,118,118
7644,som,Somalia,1983,700000,0,0,700000,0,700000,39,0,39,39
7645,som,Somalia,1984,701300,0,0,701300,0,701300,639,0,639,639
7646,som,Somalia,1985,812000,0,0,812000,0,812000,1830,0,1830,1830
7647,som,Somalia,1986,700000,0,0,700000,0,700000,3142,0,3142,3142
7648,som,Somalia,1987,840100,0,0,840100,0,840100,60162,0,60162,60162
7649,som,Somalia,1988,834000,0,0,834000,0,834000,351993,0,351993,351993
7650,som,Somalia,1989,769630,0,0,769630,0,769630,360309,0,360309,360309
7651,som,Somalia,1990,460000,0,0,460000,0,460000,470174,0,470174,470174
7652,som,Somalia,1991,0,0,0,0,0,0,732596,0,732596,732596
7653,som,Somalia,1992,480,0,0,480,0,480,812196,0,812196,812196
7654,som,Somalia,1993,399,0,0,399,0,399,574612,0,574612,574612
7655,som,Somalia,1994,389,0,0,389,0,389,631420,0,631420,631420
7656,som,Somalia,1995,628,0,0,628,0,628,638695,0,638695,638695
7657,som,Somalia,1996,700,0,0,700,200000,200700,636984,0,636984,836984
7658,som,Somalia,1997,622,0,50000,50622,200000,250622,608086,0,675586,875586
7659,som,Somalia,1998,338,0,50000,50338,1603,51941,557953,0,625472,627075
7660,som,Somalia,1999,130,0,0,130,0,130,524604,0,526604,526604
7661,som,Somalia,2000,555,0,0,555,18000,18555,475644,11971,489692,507692
7662,som,Somalia,2001,587,60,0,647,0,647,440120,16195,458315,458315
7663,som,Somalia,2002,193,214,0,407,0,407,432304,13945,448249,448249
7664,som,Somalia,2003,366,190,0,556,0,556,402329,14772,419101,419101
7665,som,Somalia,2004,362,331,0,693,0,693,389287,20517,411814,411814
7666,som,Somalia,2005,498,97,0,595,400000,400595,395544,30466,428034,828034
7667,som,Somalia,2006,669,1215,0,1884,400000,401884,464026,22010,488036,888036
7668,som,Somalia,2007,903,8705,0,9608,1000000,1009608,457345,16424,473769,1473769
7669,som,Somalia,2008,1842,9243,0,11085,1277200,1288285,561145,20519,581664,1858864
7670,som,Somalia,2009,1819,24666,0,26485,1550000,1576485,678296,21059,699355,2249355
7671,som,Somalia,2010,1934,24111,0,26045,1463780,1489825,770141,22811,792952,2256732
7672,som,Somalia,2011,2100,6018,11,8129,1356845,1364974,1077038,31238,1108327,2465172
7673,som,Somalia,2012,2307,8461,51,10819,1132963,1143782,1136709,33680,1170427,2303390
7674,som,Somalia,2013,2426,9877,69,12372,1133000,1145372,1121760,35665,1158481,2291481
7675,som,Somalia,2014,2732,9262,69,12063,1133000,1145063,1106430,49063,1156294,2289294
7676,som,Somalia,2015,8081,10115,86,18282,1133000,1151282,1123144,56664,1180636,2313636
7677,som,Somalia,2016,11579,12792,130,24501,1562554,1587055,1012320,60491,1073101,2635655
7678,som,Somalia,2017,14565,14706,129,29400,2116705,2146105,986386,58320,1044936,3161641
7679,som,Somalia,2018,16738,16361,380,33479,2648001,2681480,949637,55852,1005619,3653620
7680,som,Somalia,2019,17882,17789,152,35823,2648000,2683823,901596,53083,954839,3602839
7681,som,Somalia,2020,11220,13229,8,24457,2967500,2991957,812356,53824,866214,3833714
7682,som,Somalia,2021,13804,16258,17,30079,2967500,2997579,776678,59605,836330,3803830
7683,som,Somalia,2022,16023,18578,175,34776,2967500,3002276,786794,56893,929742,3897242
7684,som,Somalia,2023,17770,20500,209,38479,3860099,3898578,842044,179224,1085600,4945699
7685,som,Somalia,2024,19503,22260,213,41976,3861643,3903619,894120,237183,1131637,4993280
7686,zaf,South Africa,1966,0,0,0,0,0,0,390,0,390,390
7687,zaf,South Africa,1967,0,0,0,0,0,0,450,0,450,450
7688,zaf,South Africa,1968,0,0,0,0,0,0,740,0,740,740
7689,zaf,South Africa,1969,0,0,0,0,0,0,290,0,290,290
7690,zaf,South Africa,1970,0,0,0,0,0,0,460,0,460,460
7691,zaf,South Africa,1971,0,0,0,0,0,0,850,0,850,850
7692,zaf,South Africa,1972,0,0,0,0,0,0,790,0,790,790
7693,zaf,South Africa,1973,0,0,0,0,0,0,940,0,940,940
7694,zaf,South Africa,1974,0,0,0,0,0,0,1380,0,1380,1380
7695,zaf,South Africa,1975,0,0,0,0,0,0,1360,0,1360,1360
7696,zaf,South Africa,1976,0,0,0,0,0,0,2180,0,2180,2180
7697,zaf,South Africa,1977,0,0,0,0,0,0,2395,0,2395,2395
7698,zaf,South Africa,1978,0,0,0,0,0,0,3840,0,3840,3840
7699,zaf,South Africa,1979,0,0,0,0,0,0,7280,0,7280,7280
7700,zaf,South Africa,1980,0,0,0,0,0,0,24250,0,24250,24250
7701,zaf,South Africa,1981,0,0,0,0,0,0,24900,0,24900,24900
7702,zaf,South Africa,1982,0,0,0,0,0,0,28430,0,28430,28430
7703,zaf,South Africa,1983,0,0,0,0,0,0,34520,0,34520,34520
7704,zaf,South Africa,1984,0,0,0,0,0,0,38560,0,38560,38560
7705,zaf,South Africa,1985,0,0,0,0,0,0,38110,0,38110,38110
7706,zaf,South Africa,1986,0,0,0,0,0,0,33220,0,33220,33220
7707,zaf,South Africa,1987,0,0,0,0,0,0,26150,0,26150,26150
7708,zaf,South Africa,1988,0,0,0,0,0,0,24906,0,24906,24906
7709,zaf,South Africa,1989,0,0,0,0,0,0,17135,0,17135,17135
7710,zaf,South Africa,1990,0,0,0,0,0,0,14781,0,14781,14781
7711,zaf,South Africa,1991,0,0,0,0,0,0,11205,0,11205,11205
7712,zaf,South Africa,1992,0,0,0,0,0,0,9241,0,9241,9241
7713,zaf,South Africa,1993,250000,0,0,250000,0,250000,9087,0,9087,9087
7714,zaf,South Africa,1994,91894,0,0,91894,0,91894,1514,0,1514,1514
7715,zaf,South Africa,1995,101408,0,0,101408,0,101408,492,0,492,492
7716,zaf,South Africa,1996,22645,0,0,22645,0,22645,286,0,286,286
7717,zaf,South Africa,1997,6816,0,0,6816,0,6816,241,0,241,241
7718,zaf,South Africa,1998,8387,0,0,8387,0,8387,184,0,184,184
7719,zaf,South Africa,1999,14539,0,0,14539,0,14539,190,0,190,190
7720,zaf,South Africa,2000,15058,15139,0,30197,0,30197,168,98,266,266
7721,zaf,South Africa,2001,18594,11413,0,30007,0,30007,131,178,309,309
7722,zaf,South Africa,2002,23336,52447,0,75783,0,75783,271,182,453,453
7723,zaf,South Africa,2003,26552,84089,0,110641,0,110641,284,274,558,558
7724,zaf,South Africa,2004,27675,115224,0,142899,0,142899,261,542,803,803
7725,zaf,South Africa,2005,29716,140095,0,169811,0,169811,259,153,412,412
7726,zaf,South Africa,2006,35086,131107,0,166193,0,166193,501,149,650,650
7727,zaf,South Africa,2007,36732,170864,0,207596,0,207596,474,108,582,582
7728,zaf,South Africa,2008,43542,227124,0,270666,0,270666,449,138,587,587
7729,zaf,South Africa,2009,47972,309794,0,357766,0,357766,380,162,542,542
7730,zaf,South Africa,2010,57899,171702,0,229601,0,229601,374,210,584,584
7731,zaf,South Africa,2011,57899,219341,0,277240,0,277240,422,200,622,622
7732,zaf,South Africa,2012,65225,230420,0,295645,0,295645,413,221,634,634
7733,zaf,South Africa,2013,65976,237231,0,303207,0,303207,424,352,776,776
7734,zaf,South Africa,2014,112182,463909,0,576091,0,576091,422,531,953,953
7735,zaf,South Africa,2015,121635,1096021,0,1217656,0,1217656,447,844,1296,1296
7736,zaf,South Africa,2016,91018,218275,0,309293,0,309293,452,1075,1534,1534
7737,zaf,South Africa,2017,88694,191333,0,280027,0,280027,461,1608,2074,2074
7738,zaf,South Africa,2018,89285,184193,0,273478,0,273478,482,2399,2886,2886
7739,zaf,South Africa,2019,78395,188235,0,266630,0,266630,441,2839,3286,3286
7740,zaf,South Africa,2020,76729,173461,0,250190,0,250190,474,3230,3710,3710
7741,zaf,South Africa,2021,75512,167411,0,242923,0,242923,643,3556,4205,4205
7742,zaf,South Africa,2022,66596,84316,0,150912,0,150912,784,3474,4264,4264
7743,zaf,South Africa,2023,67145,86911,0,154056,0,154056,919,4163,5088,5088
7744,zaf,South Africa,2024,71171,100313,0,171484,0,171484,1174,4907,6087,6087
7745,kor,South Korea,1978,70,0,0,70,0,70,0,0,0,0
7746,kor,South Korea,1979,170,0,0,170,0,170,0,0,0,0
7747,kor,South Korea,1980,0,0,0,0,0,0,0,0,0,0
7748,kor,South Korea,1981,60,0,0,60,0,60,0,0,0,0
7749,kor,South Korea,1982,70,0,0,70,0,70,0,0,0,0
7750,kor,South Korea,1983,0,0,0,0,0,0,0,0,0,0
7751,kor,South Korea,1984,0,0,0,0,0,0,0,0,0,0
7752,kor,South Korea,1985,0,0,0,0,0,0,0,0,0,0
7753,kor,South Korea,1986,0,0,0,0,0,0,0,0,0,0
7754,kor,South Korea,1987,60,0,0,60,0,60,0,0,0,0
7755,kor,South Korea,1988,120,0,0,120,0,120,0,0,0,0
7756,kor,South Korea,1989,230,0,0,230,0,230,0,0,0,0
7757,kor,South Korea,1990,230,0,0,230,0,230,0,0,0,0
7758,kor,South Korea,1991,162,0,0,162,0,162,5,0,5,5
7759,kor,South Korea,1992,149,0,0,149,0,149,5,0,5,5
7760,kor,South Korea,1993,0,0,0,0,0,0,5,0,5,5
7761,kor,South Korea,1994,0,0,0,0,0,0,17,0,17,17
7762,kor,South Korea,1995,5,0,0,5,0,5,29,0,29,29
7763,kor,South Korea,1996,5,0,0,5,0,5,40,0,40,40
7764,kor,South Korea,1997,5,0,0,5,0,5,50,0,50,50
7765,kor,South Korea,1998,0,0,0,0,0,0,63,0,63,63
7766,kor,South Korea,1999,5,0,0,5,0,5,72,0,72,72
7767,kor,South Korea,2000,5,37,0,42,0,42,69,359,428,428
7768,kor,South Korea,2001,5,66,0,71,0,71,83,471,554,554
7769,kor,South Korea,2002,15,62,0,77,0,77,244,604,848,848
7770,kor,South Korea,2003,20,126,0,146,0,146,236,499,735,735
7771,kor,South Korea,2004,37,238,0,275,0,275,269,307,576,576
7772,kor,South Korea,2005,61,509,0,570,0,570,266,321,587,587
7773,kor,South Korea,2006,90,617,0,707,0,707,1333,308,1641,1641
7774,kor,South Korea,2007,108,1152,0,1260,0,1260,1183,384,1567,1567
7775,kor,South Korea,2008,162,1287,0,1449,0,1449,1099,509,1608,1608
7776,kor,South Korea,2009,253,643,0,896,0,896,567,318,885,885
7777,kor,South Korea,2010,352,694,0,1046,0,1046,578,233,811,811
7778,kor,South Korea,2011,389,1159,0,1548,0,1548,508,173,681,681
7779,kor,South Korea,2012,488,1526,0,2014,0,2014,555,183,738,738
7780,kor,South Korea,2013,548,2387,0,2935,0,2935,495,212,707,707
7781,kor,South Korea,2014,1164,3470,0,4634,0,4634,478,282,760,760
7782,kor,South Korea,2015,1455,5426,0,6881,0,6881,346,252,598,598
7783,kor,South Korea,2016,1798,6835,0,8633,0,8633,243,266,509,509
7784,kor,South Korea,2017,2238,9559,0,11797,0,11797,239,381,620,620
7785,kor,South Korea,2018,2890,19827,0,22717,0,22717,274,536,810,810
7786,kor,South Korea,2019,3196,25562,0,28758,0,28758,180,643,823,823
7787,kor,South Korea,2020,3443,20073,0,23516,0,23516,146,723,869,869
7788,kor,South Korea,2021,3559,12146,0,15705,0,15705,117,893,1010,1010
7789,kor,South Korea,2022,3825,15952,0,19777,0,19777,132,880,1012,1012
7790,kor,South Korea,2023,4053,26738,0,30791,0,30791,107,939,1046,1046
7791,kor,South Korea,2024,4241,35843,0,40084,0,40084,142,1089,1231,1231
7792,ssd,South Sudan,2011,105023,90,0,105113,560161,665274,0,5,5,560166
7793,ssd,South Sudan,2012,202581,32,0,202613,345670,548283,87007,18676,105683,451353
7794,ssd,South Sudan,2013,229587,36,0,229623,331097,560720,114468,30675,145143,476240
7795,ssd,South Sudan,2014,248152,128,0,248280,1645392,1893672,616206,3766,619972,2265364
7796,ssd,South Sudan,2015,263012,835,0,263847,1790427,2054274,778722,4104,782856,2573283
7797,ssd,South Sudan,2016,262558,1790,0,264348,1853924,2118272,1436707,5792,1442499,3296423
7798,ssd,South Sudan,2017,283405,1895,10000,295300,1903953,2199253,2439888,6452,2456340,4360293
7799,ssd,South Sudan,2018,291838,2535,10000,304373,1878154,2182527,2285301,12701,2308002,4186156
7800,ssd,South Sudan,2019,298309,3677,10000,311986,1665815,1977801,2234805,5616,2250421,3916236
7801,ssd,South Sudan,2020,314438,3763,0,318201,1600254,1918455,2188785,4858,2193699,3793953
7802,ssd,South Sudan,2021,333673,4314,0,337987,2017236,2355223,2362759,5037,2367870,4385106
7803,ssd,South Sudan,2022,308369,2137,393,310899,1474679,1785578,2295082,5228,2300616,3775295
7804,ssd,South Sudan,2023,381236,4871,0,386107,1236672,1622779,2292482,24596,2317144,3553816
7805,ssd,South Sudan,2024,514794,2677,0,517471,944631,1462102,2290622,32841,2323533,3268164
7806,esp,Spain,1951,2000,0,0,2000,0,2000,0,0,0,0
7807,esp,Spain,1952,0,0,0,0,0,0,0,0,0,0
7808,esp,Spain,1953,0,0,0,0,0,0,0,0,0,0
7809,esp,Spain,1954,2000,0,0,2000,0,2000,0,0,0,0
7810,esp,Spain,1955,0,0,0,0,0,0,0,0,0,0
7811,esp,Spain,1956,0,0,0,0,0,0,0,0,0,0
7812,esp,Spain,1957,0,0,0,0,0,0,0,0,0,0
7813,esp,Spain,1958,0,0,0,0,0,0,0,0,0,0
7814,esp,Spain,1959,0,0,0,0,0,0,0,0,0,0
7815,esp,Spain,1960,0,0,0,0,0,0,0,0,0,0
7816,esp,Spain,1961,2000,0,0,2000,0,2000,0,0,0,0
7817,esp,Spain,1962,2000,0,0,2000,0,2000,0,0,0,0
7818,esp,Spain,1963,2000,0,0,2000,0,2000,0,0,0,0
7819,esp,Spain,1964,14000,0,0,14000,0,14000,0,0,0,0
7820,esp,Spain,1965,14000,0,0,14000,0,14000,0,0,0,0
7821,esp,Spain,1966,17000,0,0,17000,0,17000,0,0,0,0
7822,esp,Spain,1967,20000,0,0,20000,0,20000,0,0,0,0
7823,esp,Spain,1968,20000,0,0,20000,0,20000,0,0,0,0
7824,esp,Spain,1969,23000,0,0,23000,0,23000,0,0,0,0
7825,esp,Spain,1970,29500,0,0,29500,0,29500,680,0,680,680
7826,esp,Spain,1971,38000,0,0,38000,0,38000,670,0,670,670
7827,esp,Spain,1972,40000,0,0,40000,0,40000,650,0,650,650
7828,esp,Spain,1973,26000,0,0,26000,0,26000,390,0,390,390
7829,esp,Spain,1974,18000,0,0,18000,0,18000,210,0,210,210
7830,esp,Spain,1975,16000,0,0,16000,0,16000,140,0,140,140
7831,esp,Spain,1976,16500,0,0,16500,0,16500,510,0,510,510
7832,esp,Spain,1977,15000,0,0,15000,0,15000,0,0,0,0
7833,esp,Spain,1978,15000,0,0,15000,0,15000,0,0,0,0
7834,esp,Spain,1979,26000,0,0,26000,0,26000,0,0,0,0
7835,esp,Spain,1980,21500,0,0,21500,0,21500,5,0,5,5
7836,esp,Spain,1981,21500,0,0,21500,0,21500,5,0,5,5
7837,esp,Spain,1982,23500,0,0,23500,0,23500,50,0,50,50
7838,esp,Spain,1983,23700,0,0,23700,0,23700,600,0,600,600
7839,esp,Spain,1984,9900,0,0,9900,0,9900,60,0,60,60
7840,esp,Spain,1985,9300,0,0,9300,0,9300,60,0,60,60
7841,esp,Spain,1986,10200,0,0,10200,0,10200,0,0,0,0
7842,esp,Spain,1987,9200,0,0,9200,0,9200,60,0,60,60
7843,esp,Spain,1988,8691,0,0,8691,0,8691,0,0,0,0
7844,esp,Spain,1989,8676,0,0,8676,0,8676,0,0,0,0
7845,esp,Spain,1990,8303,0,0,8303,0,8303,0,0,0,0
7846,esp,Spain,1991,4005,0,0,4005,0,4005,0,0,0,0
7847,esp,Spain,1992,4040,0,0,4040,0,4040,0,0,0,0
7848,esp,Spain,1993,4990,0,0,4990,0,4990,0,0,0,0
7849,esp,Spain,1994,5351,0,0,5351,0,5351,42,0,42,42
7850,esp,Spain,1995,5840,0,0,5840,0,5840,36,0,36,36
7851,esp,Spain,1996,5672,0,0,5672,0,5672,217,0,217,217
7852,esp,Spain,1997,5512,0,0,5512,0,5512,214,0,214,214
7853,esp,Spain,1998,5918,0,0,5918,0,5918,57,0,57,57
7854,esp,Spain,1999,6708,0,0,6708,0,6708,49,0,49,49
7855,esp,Spain,2000,6982,0,0,6982,0,6982,75,21,96,96
7856,esp,Spain,2001,6804,0,0,6804,0,6804,45,18,63,63
7857,esp,Spain,2002,6783,0,0,6783,0,6783,58,25,83,83
7858,esp,Spain,2003,5912,0,0,5912,0,5912,51,40,91,91
7859,esp,Spain,2004,5690,0,0,5690,0,5690,53,28,81,81
7860,esp,Spain,2005,5369,0,0,5369,0,5369,49,20,69,69
7861,esp,Spain,2006,5269,0,0,5269,0,5269,2442,14,2456,2456
7862,esp,Spain,2007,5143,0,0,5143,0,5143,37,11,48,48
7863,esp,Spain,2008,4649,0,0,4649,0,4649,26,17,43,43
7864,esp,Spain,2009,3960,3280,0,7240,0,7240,34,51,85,85
7865,esp,Spain,2010,3814,2688,0,6502,0,6502,41,70,111,111
7866,esp,Spain,2011,4220,2670,0,6890,0,6890,42,85,127,127
7867,esp,Spain,2012,4502,2790,0,7292,0,7292,55,81,136,136
7868,esp,Spain,2013,4641,4329,0,8970,0,8970,56,68,124,124
7869,esp,Spain,2014,5797,7508,0,13305,0,13305,60,68,128,128
7870,esp,Spain,2015,6447,11023,0,17470,0,17470,60,85,145,145
7871,esp,Spain,2016,12983,20360,0,33343,0,33343,34,120,154,154
7872,esp,Spain,2017,17541,34866,0,52407,0,52407,39,197,236,236
7873,esp,Spain,2018,20437,78685,0,99122,0,99122,46,238,284,284
7874,esp,Spain,2019,57751,133030,4246,195027,0,195027,51,276,327,327
7875,esp,Spain,2020,103624,103385,5904,212913,0,212913,52,294,346,346
7876,esp,Spain,2021,122539,103850,6187,232576,0,232576,55,423,478,478
7877,esp,Spain,2022,314490,134580,7788,456858,0,456858,62,452,514,514
7878,esp,Spain,2023,385701,204270,0,589971,0,589971,56,1322,1378,1378
7879,esp,Spain,2024,429333,263965,0,693298,0,693298,174,1979,2153,2153
7880,lka,Sri Lanka,1985,0,0,0,0,0,0,160,0,160,160
7881,lka,Sri Lanka,1986,0,0,0,0,0,0,315,0,315,315
7882,lka,Sri Lanka,1987,0,0,0,0,0,0,219,0,219,219
7883,lka,Sri Lanka,1988,0,0,0,0,0,0,3388,0,3388,3388
7884,lka,Sri Lanka,1989,0,0,0,0,0,0,7692,0,7692,7692
7885,lka,Sri Lanka,1990,0,0,0,0,0,0,208271,0,208271,208271
7886,lka,Sri Lanka,1991,15,0,0,15,0,15,209349,0,209349,209349
7887,lka,Sri Lanka,1992,21,0,0,21,0,21,128115,0,128115,128115
7888,lka,Sri Lanka,1993,19,0,0,19,29400,29419,91837,0,91837,121237
7889,lka,Sri Lanka,1994,11,0,0,11,9090,9101,114454,0,114454,123544
7890,lka,Sri Lanka,1995,12,0,0,12,200000,200012,107587,0,107587,307587
7891,lka,Sri Lanka,1996,11,0,0,11,200000,200011,109576,0,109576,309576
7892,lka,Sri Lanka,1997,21,0,0,21,200000,200021,122277,0,122277,322277
7893,lka,Sri Lanka,1998,25,0,0,25,603025,603050,114971,0,114987,718012
7894,lka,Sri Lanka,1999,18,0,0,18,612518,612536,116698,0,116698,729216
7895,lka,Sri Lanka,2000,12,20,0,32,706514,706546,124156,6499,130655,837169
7896,lka,Sri Lanka,2001,13,30,0,43,731838,731881,122414,6596,129010,860848
7897,lka,Sri Lanka,2002,22,13,0,35,462826,462861,133240,4935,138175,601001
7898,lka,Sri Lanka,2003,26,5,0,31,386104,386135,122005,2966,124971,511075
7899,lka,Sri Lanka,2004,60,48,0,108,351884,351992,114050,3114,117164,469048
7900,lka,Sri Lanka,2005,106,117,0,223,324699,324922,108132,4242,112374,437073
7901,lka,Sri Lanka,2006,162,130,0,292,469165,469457,116948,4724,121672,590837
7902,lka,Sri Lanka,2007,184,196,0,380,459567,459947,134945,5974,140919,600486
7903,lka,Sri Lanka,2008,271,389,0,660,504800,505460,137742,7037,144779,649579
7904,lka,Sri Lanka,2009,251,338,0,589,434900,435489,145711,7566,153277,588177
7905,lka,Sri Lanka,2010,224,134,0,358,273772,274130,141064,8588,149652,423424
7906,lka,Sri Lanka,2011,187,198,0,385,138401,138786,136602,10239,146841,285242
7907,lka,Sri Lanka,2012,109,255,0,364,93482,93846,132720,14018,146738,240220
7908,lka,Sri Lanka,2013,143,1605,0,1748,42191,43939,123074,16133,139214,181405
7909,lka,Sri Lanka,2014,508,945,0,1453,30847,32300,121991,17211,139217,170064
7910,lka,Sri Lanka,2015,781,602,0,1383,44934,46317,121427,14782,136226,181160
7911,lka,Sri Lanka,2016,602,573,0,1175,39730,40905,117472,15462,132946,172676
7912,lka,Sri Lanka,2017,820,629,0,1449,39322,40771,115632,18934,134572,173894
7913,lka,Sri Lanka,2018,796,744,0,1540,35473,37013,113955,14517,128472,163945
7914,lka,Sri Lanka,2019,1041,361,0,1402,25110,26512,110341,16062,126413,151523
7915,lka,Sri Lanka,2020,1008,224,0,1232,25013,26245,142664,15061,157725,182738
7916,lka,Sri Lanka,2021,907,201,0,1108,8767,9875,151112,12209,163337,172104
7917,lka,Sri Lanka,2022,504,221,0,725,8540,9265,148144,15169,163319,171859
7918,lka,Sri Lanka,2023,377,178,0,555,4806,5361,145319,18076,163418,168224
7919,lka,Sri Lanka,2024,232,268,0,500,4806,5306,147033,33347,180390,185196
7920,kna,St. Kitts and Nevis,2000,0,0,0,0,0,0,0,5,5,5
7921,kna,St. Kitts and Nevis,2001,0,0,0,0,0,0,0,0,0,0
7922,kna,St. Kitts and Nevis,2002,0,0,0,0,0,0,0,5,5,5
7923,kna,St. Kitts and Nevis,2003,0,0,0,0,0,0,0,5,5,5
7924,kna,St. Kitts and Nevis,2004,0,0,0,0,0,0,0,0,0,0
7925,kna,St. Kitts and Nevis,2005,0,0,0,0,0,0,31,0,31,31
7926,kna,St. Kitts and Nevis,2006,0,0,0,0,0,0,0,5,5,5
7927,kna,St. Kitts and Nevis,2007,0,0,0,0,0,0,0,8,8,8
7928,kna,St. Kitts and Nevis,2008,0,0,0,0,0,0,0,8,8,8
7929,kna,St. Kitts and Nevis,2009,0,0,0,0,0,0,0,11,11,11
7930,kna,St. Kitts and Nevis,2010,0,0,0,0,0,0,10,12,22,22
7931,kna,St. Kitts and Nevis,2011,0,0,0,0,0,0,7,14,21,21
7932,kna,St. Kitts and Nevis,2012,0,0,0,0,0,0,10,20,30,30
7933,kna,St. Kitts and Nevis,2013,0,0,0,0,0,0,12,21,33,33
7934,kna,St. Kitts and Nevis,2014,0,0,0,0,0,0,20,7,27,27
7935,kna,St. Kitts and Nevis,2015,0,0,0,0,0,0,25,20,45,45
7936,kna,St. Kitts and Nevis,2016,0,0,0,0,0,0,49,22,71,71
7937,kna,St. Kitts and Nevis,2017,0,5,0,5,0,5,51,18,69,69
7938,kna,St. Kitts and Nevis,2018,5,0,0,5,0,5,58,11,69,69
7939,kna,St. Kitts and Nevis,2019,5,0,0,5,0,5,57,17,74,74
7940,kna,St. Kitts and Nevis,2020,0,0,0,0,0,0,54,18,72,72
7941,kna,St. Kitts and Nevis,2021,0,0,0,0,0,0,47,32,79,79
7942,kna,St. Kitts and Nevis,2022,0,0,60,60,0,60,22,32,54,54
7943,kna,St. Kitts and Nevis,2023,19,0,0,19,0,19,21,59,80,80
7944,kna,St. Kitts and Nevis,2024,5,0,0,5,0,5,27,81,108,108
7945,lca,St. Lucia,1997,5,0,0,5,0,5,0,0,0,0
7946,lca,St. Lucia,1998,0,0,0,0,0,0,5,0,5,5
7947,lca,St. Lucia,1999,0,0,0,0,0,0,10,0,10,10
7948,lca,St. Lucia,2000,0,0,0,0,0,0,12,28,40,40
7949,lca,St. Lucia,2001,0,0,0,0,0,0,9,66,75,75
7950,lca,St. Lucia,2002,0,0,0,0,0,0,12,275,287,287
7951,lca,St. Lucia,2003,0,0,0,0,0,0,16,272,288,288
7952,lca,St. Lucia,2004,0,0,0,0,0,0,32,149,181,181
7953,lca,St. Lucia,2005,0,0,0,0,0,0,96,200,296,296
7954,lca,St. Lucia,2006,0,0,0,0,0,0,163,144,307,307
7955,lca,St. Lucia,2007,0,0,0,0,0,0,227,179,406,406
7956,lca,St. Lucia,2008,0,0,0,0,0,0,288,336,624,624
7957,lca,St. Lucia,2009,0,5,0,5,0,5,312,597,909,909
7958,lca,St. Lucia,2010,0,6,0,6,0,6,334,683,1017,1017
7959,lca,St. Lucia,2011,0,5,0,5,0,5,432,679,1111,1111
7960,lca,St. Lucia,2012,0,0,0,0,0,0,567,517,1084,1084
7961,lca,St. Lucia,2013,5,0,0,5,0,5,711,257,968,968
7962,lca,St. Lucia,2014,0,0,0,0,0,0,921,35,956,956
7963,lca,St. Lucia,2015,0,0,0,0,0,0,1011,60,1071,1071
7964,lca,St. Lucia,2016,0,0,0,0,0,0,993,196,1189,1189
7965,lca,St. Lucia,2017,0,0,0,0,0,0,995,178,1173,1173
7966,lca,St. Lucia,2018,0,0,0,0,0,0,1025,65,1090,1090
7967,lca,St. Lucia,2019,0,0,0,0,0,0,843,74,917,917
7968,lca,St. Lucia,2020,0,0,0,0,0,0,726,83,809,809
7969,lca,St. Lucia,2021,0,0,0,0,0,0,457,91,548,548
7970,lca,St. Lucia,2022,0,0,0,0,0,0,94,122,216,216
7971,lca,St. Lucia,2023,0,5,0,5,0,5,117,231,348,348
7972,lca,St. Lucia,2024,5,0,0,5,0,5,160,299,459,459
7973,vct,St. Vincent and the Grenadines,1994,0,0,0,0,0,0,7,0,7,7
7974,vct,St. Vincent and the Grenadines,1995,0,0,0,0,0,0,7,0,7,7
7975,vct,St. Vincent and the Grenadines,1996,0,0,0,0,0,0,13,0,13,13
7976,vct,St. Vincent and the Grenadines,1997,0,0,0,0,0,0,13,0,13,13
7977,vct,St. Vincent and the Grenadines,1998,0,0,0,0,0,0,24,0,24,24
7978,vct,St. Vincent and the Grenadines,1999,0,0,0,0,0,0,36,0,36,36
7979,vct,St. Vincent and the Grenadines,2000,0,0,0,0,0,0,48,78,126,126
7980,vct,St. Vincent and the Grenadines,2001,0,0,0,0,0,0,67,174,241,241
7981,vct,St. Vincent and the Grenadines,2002,0,0,0,0,0,0,81,510,591,591
7982,vct,St. Vincent and the Grenadines,2003,0,0,0,0,0,0,105,419,524,524
7983,vct,St. Vincent and the Grenadines,2004,0,0,0,0,0,0,181,213,394,394
7984,vct,St. Vincent and the Grenadines,2005,0,0,0,0,0,0,279,353,632,632
7985,vct,St. Vincent and the Grenadines,2006,0,0,0,0,0,0,386,318,704,704
7986,vct,St. Vincent and the Grenadines,2007,0,0,0,0,0,0,644,504,1148,1148
7987,vct,St. Vincent and the Grenadines,2008,0,0,0,0,0,0,748,744,1492,1492
7988,vct,St. Vincent and the Grenadines,2009,0,0,0,0,0,0,847,1072,1919,1919
7989,vct,St. Vincent and the Grenadines,2010,0,0,0,0,0,0,946,1047,1993,1993
7990,vct,St. Vincent and the Grenadines,2011,0,0,0,0,0,0,1126,905,2031,2031
7991,vct,St. Vincent and the Grenadines,2012,0,0,0,0,0,0,1315,486,1801,1801
7992,vct,St. Vincent and the Grenadines,2013,0,0,0,0,0,0,1535,223,1758,1758
7993,vct,St. Vincent and the Grenadines,2014,0,0,0,0,0,0,1736,45,1781,1781
7994,vct,St. Vincent and the Grenadines,2015,0,0,0,0,0,0,1823,43,1866,1866
7995,vct,St. Vincent and the Grenadines,2016,0,0,0,0,0,0,1335,131,1466,1466
7996,vct,St. Vincent and the Grenadines,2017,0,0,0,0,0,0,1311,136,1447,1447
7997,vct,St. Vincent and the Grenadines,2018,0,0,0,0,0,0,1258,56,1314,1314
7998,vct,St. Vincent and the Grenadines,2019,0,0,0,0,0,0,979,77,1056,1056
7999,vct,St. Vincent and the Grenadines,2020,0,0,0,0,0,0,742,38,780,780
8000,vct,St. Vincent and the Grenadines,2021,0,0,0,0,0,0,467,85,552,552
8001,vct,St. Vincent and the Grenadines,2022,0,0,5,5,0,5,136,120,256,256
8002,vct,St. Vincent and the Grenadines,2023,0,0,0,0,0,0,157,165,322,322
8003,vct,St. Vincent and the Grenadines,2024,0,0,0,0,0,0,186,229,415,415
8004,sdn,Sudan,1963,0,0,0,0,0,0,13000,0,13000,13000
8005,sdn,Sudan,1964,0,0,0,0,0,0,20300,0,20300,20300
8006,sdn,Sudan,1965,0,0,0,0,0,0,81560,0,81560,81560
8007,sdn,Sudan,1966,0,0,0,0,0,0,115000,0,115000,115000
8008,sdn,Sudan,1967,33000,0,0,33000,0,33000,120990,0,120990,120990
8009,sdn,Sudan,1968,38300,0,0,38300,0,38300,175500,0,175500,175500
8010,sdn,Sudan,1969,37350,0,0,37350,0,37350,170400,0,170400,170400
8011,sdn,Sudan,1970,60840,0,0,60840,0,60840,172960,0,172960,172960
8012,sdn,Sudan,1971,60000,0,0,60000,0,60000,171330,0,171330,171330
8013,sdn,Sudan,1972,49020,0,0,49020,0,49020,128450,0,128450,128450
8014,sdn,Sudan,1973,50900,0,0,50900,0,50900,13050,0,13050,13050
8015,sdn,Sudan,1974,53700,0,0,53700,0,53700,11770,0,11770,11770
8016,sdn,Sudan,1975,95500,0,0,95500,0,95500,11000,0,11000,11000
8017,sdn,Sudan,1976,110100,0,0,110100,0,110100,10600,0,10600,10600
8018,sdn,Sudan,1977,150000,0,0,150000,0,150000,10850,0,10850,10850
8019,sdn,Sudan,1978,270000,0,0,270000,0,270000,10850,0,10850,10850
8020,sdn,Sudan,1979,351700,0,0,351700,0,351700,10850,0,10850,10850
8021,sdn,Sudan,1980,493000,0,0,493000,0,493000,10850,0,10850,10850
8022,sdn,Sudan,1981,553000,0,0,553000,0,553000,5350,0,5350,5350
8023,sdn,Sudan,1982,637000,0,0,637000,0,637000,5350,0,5350,5350
8024,sdn,Sudan,1983,690000,0,0,690000,0,690000,31000,0,31000,31000
8025,sdn,Sudan,1984,971000,0,0,971000,0,971000,180060,0,180060,180060
8026,sdn,Sudan,1985,1164000,0,0,1164000,0,1164000,180855,0,180855,180855
8027,sdn,Sudan,1986,974200,0,0,974200,0,974200,132759,0,132759,132759
8028,sdn,Sudan,1987,807070,0,0,807070,0,807070,253166,0,253166,253166
8029,sdn,Sudan,1988,745000,0,0,745000,0,745000,347309,0,347309,347309
8030,sdn,Sudan,1989,767729,0,0,767729,0,767729,438899,0,438899,438899
8031,sdn,Sudan,1990,1031050,0,0,1031050,0,1031050,523996,0,523996,523996
8032,sdn,Sudan,1991,729200,0,0,729200,0,729200,196242,0,196242,196242
8033,sdn,Sudan,1992,725900,0,0,725900,0,725900,267767,0,267767,267767
8034,sdn,Sudan,1993,745200,0,0,745200,0,745200,393868,0,393868,393868
8035,sdn,Sudan,1994,727174,0,0,727174,0,727174,405129,0,405129,405129
8036,sdn,Sudan,1995,674071,0,0,674071,0,674071,445277,0,445277,445277
8037,sdn,Sudan,1996,393874,0,0,393874,0,393874,475302,0,475302,475302
8038,sdn,Sudan,1997,374414,0,0,374414,0,374414,364571,0,370571,370571
8039,sdn,Sudan,1998,391496,0,0,391496,0,391496,390001,0,395006,395006
8040,sdn,Sudan,1999,390995,0,0,390995,0,390995,485449,0,488949,488949
8041,sdn,Sudan,2000,414928,3203,0,418131,0,418131,494351,19094,513445,513445
8042,sdn,Sudan,2001,349209,5,0,349214,0,349214,489931,19824,509755,509755
8043,sdn,Sudan,2002,328177,23449,0,351626,0,351626,508863,13999,522862,522862
8044,sdn,Sudan,2003,138162,477,22024,160663,0,160663,606230,6675,612905,612905
8045,sdn,Sudan,2004,141587,4265,37416,183268,662302,845570,730631,11950,742581,1404883
8046,sdn,Sudan,2005,147255,4420,36110,187785,841946,1029731,693621,13461,707082,1549028
8047,sdn,Sudan,2006,196200,4456,42114,242770,1325235,1568005,686296,16629,702925,2028160
8048,sdn,Sudan,2007,222720,7322,0,230042,1250000,1480042,523029,19406,542435,1792435
8049,sdn,Sudan,2008,181605,5862,0,187467,1201040,1388507,419249,18073,437772,1638812
8050,sdn,Sudan,2009,186292,5936,0,192228,1034140,1226368,368178,16901,385079,1419219
8051,sdn,Sudan,2010,178305,6038,0,184343,1624100,1808443,387265,23699,410964,2035064
8052,sdn,Sudan,2011,139407,6896,0,146303,2422520,2568823,500004,31447,531451,2953971
8053,sdn,Sudan,2012,152188,7665,3381,163234,1873300,2036534,568934,21521,590455,2463755
8054,sdn,Sudan,2013,159848,10792,3259,173899,1873300,2047199,648936,28378,677314,2550614
8055,sdn,Sudan,2014,277818,10194,3070,291082,2192830,2483912,665956,36027,701988,2894818
8056,sdn,Sudan,2015,309632,12582,3355,325569,3218234,3543803,627080,42909,670009,3888243
8057,sdn,Sudan,2016,421459,16056,3758,441273,2225557,2666830,650391,50469,700985,2926542
8058,sdn,Sudan,2017,906590,18212,3873,928675,1997022,2925697,694556,52191,746766,2743788
8059,sdn,Sudan,2018,1078280,17619,3725,1099624,1864195,2963819,724787,67433,792220,2656415
8060,sdn,Sudan,2019,1055489,15541,3691,1074721,1885782,2960503,734780,72017,806804,2692586
8061,sdn,Sudan,2020,1040288,16023,3698,1060009,2552174,3612183,787823,70049,858030,3410204
8062,sdn,Sudan,2021,1103918,26619,3860,1134397,3036590,4170987,825290,75164,900755,3937345
8063,sdn,Sudan,2022,1097128,31830,3681,1132639,3552717,4685356,837188,86838,926102,4478819
8064,sdn,Sudan,2023,922474,39510,3636,965620,9052822,10018442,1496923,253902,1752806,10805628
8065,sdn,Sudan,2024,793395,44593,3563,841551,11559970,12401521,2094373,682535,2778690,14338660
8066,sur,Suriname,1989,0,0,0,0,0,0,6601,0,6601,6601
8067,sur,Suriname,1990,0,0,0,0,0,0,6620,0,6620,6620
8068,sur,Suriname,1991,0,0,0,0,0,0,5921,0,5921,5921
8069,sur,Suriname,1992,52,0,0,52,0,52,2545,0,2545,2545
8070,sur,Suriname,1993,50,0,0,50,0,50,894,0,894,894
8071,sur,Suriname,1994,39,0,0,39,0,39,915,0,915,915
8072,sur,Suriname,1995,0,0,0,0,0,0,817,0,817,817
8073,sur,Suriname,1996,0,0,0,0,0,0,754,0,754,754
8074,sur,Suriname,1997,11,0,0,11,0,11,663,0,663,663
8075,sur,Suriname,1998,0,0,0,0,0,0,491,0,491,491
8076,sur,Suriname,1999,0,0,0,0,0,0,413,0,413,413
8077,sur,Suriname,2000,0,0,0,0,0,0,334,48,382,382
8078,sur,Suriname,2001,0,0,0,0,0,0,239,54,293,293
8079,sur,Suriname,2002,0,0,0,0,0,0,101,44,145,145
8080,sur,Suriname,2003,0,0,0,0,0,0,67,33,100,100
8081,sur,Suriname,2004,0,0,0,0,0,0,47,28,75,75
8082,sur,Suriname,2005,0,0,0,0,0,0,26,21,47,47
8083,sur,Suriname,2006,0,0,0,0,0,0,65,20,85,85
8084,sur,Suriname,2007,0,0,0,0,0,0,62,9,71,71
8085,sur,Suriname,2008,0,0,0,0,0,0,50,11,61,61
8086,sur,Suriname,2009,0,0,0,0,0,0,44,12,56,56
8087,sur,Suriname,2010,0,0,0,0,0,0,24,10,34,34
8088,sur,Suriname,2011,0,0,0,0,0,0,22,5,27,27
8089,sur,Suriname,2012,0,0,0,0,0,0,14,18,32,32
8090,sur,Suriname,2013,0,0,0,0,0,0,17,17,34,34
8091,sur,Suriname,2014,0,0,0,0,0,0,17,46,63,63
8092,sur,Suriname,2015,0,0,0,0,0,0,19,49,68,68
8093,sur,Suriname,2016,0,43,0,43,0,43,16,25,41,41
8094,sur,Suriname,2017,34,67,0,101,0,101,17,44,61,61
8095,sur,Suriname,2018,41,206,0,247,0,247,22,57,79,79
8096,sur,Suriname,2019,44,1426,0,1470,0,1470,17,72,89,89
8097,sur,Suriname,2020,19,1988,0,2007,0,2007,17,146,163,163
8098,sur,Suriname,2021,29,2133,0,2162,0,2162,22,118,140,140
8099,sur,Suriname,2022,25,2546,5,2576,0,2576,35,147,187,187
8100,sur,Suriname,2023,24,2609,5,2638,0,2638,42,179,226,226
8101,sur,Suriname,2024,24,3217,0,3241,0,3241,50,251,301,301
8102,swz,Swaziland,1970,135,0,0,135,0,135,0,0,0,0
8103,swz,Swaziland,1971,50,0,0,50,0,50,0,0,0,0
8104,swz,Swaziland,1972,80,0,0,80,0,80,0,0,0,0
8105,swz,Swaziland,1973,100,0,0,100,0,100,0,0,0,0
8106,swz,Swaziland,1974,50,0,0,50,0,50,0,0,0,0
8107,swz,Swaziland,1975,50,0,0,50,0,50,0,0,0,0
8108,swz,Swaziland,1976,80,0,0,80,0,80,0,0,0,0
8109,swz,Swaziland,1977,135,0,0,135,0,135,0,0,0,0
8110,swz,Swaziland,1978,720,0,0,720,0,720,0,0,0,0
8111,swz,Swaziland,1979,5250,0,0,5250,0,5250,0,0,0,0
8112,swz,Swaziland,1980,5470,0,0,5470,0,5470,0,0,0,0
8113,swz,Swaziland,1981,5610,0,0,5610,0,5610,0,0,0,0
8114,swz,Swaziland,1982,7350,0,0,7350,0,7350,0,0,0,0
8115,swz,Swaziland,1983,6230,0,0,6230,0,6230,0,0,0,0
8116,swz,Swaziland,1984,8980,0,0,8980,0,8980,0,0,0,0
8117,swz,Swaziland,1985,10770,0,0,10770,0,10770,0,0,0,0
8118,swz,Swaziland,1986,12130,0,0,12130,0,12130,0,0,0,0
8119,swz,Swaziland,1987,14550,0,0,14550,0,14550,0,0,0,0
8120,swz,Swaziland,1988,29430,0,0,29430,0,29430,0,0,0,0
8121,swz,Swaziland,1989,34908,0,0,34908,0,34908,0,0,0,0
8122,swz,Swaziland,1990,42074,0,0,42074,0,42074,0,0,0,0
8123,swz,Swaziland,1991,49569,0,0,49569,0,49569,0,0,0,0
8124,swz,Swaziland,1992,55580,0,0,55580,0,55580,0,0,0,0
8125,swz,Swaziland,1993,48890,0,0,48890,0,48890,0,0,0,0
8126,swz,Swaziland,1994,645,0,0,645,0,645,11,0,11,11
8127,swz,Swaziland,1995,712,0,0,712,0,712,15,0,15,15
8128,swz,Swaziland,1996,575,0,0,575,0,575,16,0,16,16
8129,swz,Swaziland,1997,591,0,0,591,0,591,17,0,17,17
8130,swz,Swaziland,1998,589,0,0,589,0,589,29,0,29,29
8131,swz,Swaziland,1999,613,0,0,613,0,613,27,0,27,27
8132,swz,Swaziland,2000,690,0,0,690,0,690,16,0,16,16
8133,swz,Swaziland,2001,690,360,0,1050,0,1050,15,5,20,20
8134,swz,Swaziland,2002,653,367,0,1020,0,1020,20,5,25,25
8135,swz,Swaziland,2003,685,326,0,1011,0,1011,0,10,10,10
8136,swz,Swaziland,2004,703,305,0,1008,0,1008,6,10,16,16
8137,swz,Swaziland,2005,763,256,0,1019,0,1019,12,5,17,17
8138,swz,Swaziland,2006,752,256,0,1008,0,1008,16,5,21,21
8139,swz,Swaziland,2007,789,251,0,1040,0,1040,21,64,85,85
8140,swz,Swaziland,2008,775,440,0,1215,0,1215,28,95,123,123
8141,swz,Swaziland,2009,757,603,0,1360,0,1360,28,53,81,81
8142,swz,Swaziland,2010,757,0,0,757,0,757,32,50,82,82
8143,swz,Swaziland,2011,757,0,0,757,0,757,39,131,170,170
8144,swz,Swaziland,2012,499,415,0,914,0,914,59,166,225,225
8145,swz,Swaziland,2013,501,531,0,1032,0,1032,103,146,249,249
8146,swz,Swaziland,2014,511,266,5,782,0,782,151,140,296,296
8147,swz,Swaziland,2015,694,263,0,957,0,957,213,159,372,372
8148,swz,Swaziland,2016,725,377,0,1102,0,1102,224,137,361,361
8149,swz,Swaziland,2017,790,544,0,1334,0,1334,231,40,271,271
8150,swz,Swaziland,2018,874,739,0,1613,0,1613,237,48,285,285
8151,swz,Swaziland,2019,940,963,0,1903,0,1903,224,97,321,321
8152,swz,Swaziland,2020,945,1104,0,2049,0,2049,198,81,279,279
8153,swz,Swaziland,2021,895,646,10,1551,0,1551,165,80,255,255
8154,swz,Swaziland,2022,1173,976,12,2161,0,2161,127,122,261,261
8155,swz,Swaziland,2023,1202,1772,12,2986,0,2986,128,251,391,391
8156,swz,Swaziland,2024,1295,3164,12,4471,0,4471,150,543,705,705
8157,swe,Sweden,1951,44000,0,0,44000,0,44000,0,0,0,0
8158,swe,Sweden,1952,42000,0,0,42000,0,42000,0,0,0,0
8159,swe,Sweden,1953,37000,0,0,37000,0,37000,0,0,0,0
8160,swe,Sweden,1954,33000,0,0,33000,0,33000,0,0,0,0
8161,swe,Sweden,1955,28000,0,0,28000,0,28000,0,0,0,0
8162,swe,Sweden,1956,31000,0,0,31000,0,31000,0,0,0,0
8163,swe,Sweden,1957,33000,0,0,33000,0,33000,0,0,0,0
8164,swe,Sweden,1958,31000,0,0,31000,0,31000,0,0,0,0
8165,swe,Sweden,1959,28000,0,0,28000,0,28000,0,0,0,0
8166,swe,Sweden,1960,26000,0,0,26000,0,26000,0,0,0,0
8167,swe,Sweden,1961,26000,0,0,26000,0,26000,0,0,0,0
8168,swe,Sweden,1962,26000,0,0,26000,0,26000,0,0,0,0
8169,swe,Sweden,1963,26000,0,0,26000,0,26000,0,0,0,0
8170,swe,Sweden,1964,24000,0,0,24000,0,24000,0,0,0,0
8171,swe,Sweden,1965,22000,0,0,22000,0,22000,0,0,0,0
8172,swe,Sweden,1966,20000,0,0,20000,0,20000,0,0,0,0
8173,swe,Sweden,1967,18000,0,0,18000,0,18000,0,0,0,0
8174,swe,Sweden,1968,17000,0,0,17000,0,17000,0,0,0,0
8175,swe,Sweden,1969,17000,0,0,17000,0,17000,0,0,0,0
8176,swe,Sweden,1970,20000,0,0,20000,0,20000,0,0,0,0
8177,swe,Sweden,1971,20000,0,0,20000,0,20000,0,0,0,0
8178,swe,Sweden,1972,20000,0,0,20000,0,20000,0,0,0,0
8179,swe,Sweden,1973,20000,0,0,20000,0,20000,0,0,0,0
8180,swe,Sweden,1974,20000,0,0,20000,0,20000,0,0,0,0
8181,swe,Sweden,1975,20000,0,0,20000,0,20000,0,0,0,0
8182,swe,Sweden,1976,20000,0,0,20000,0,20000,0,0,0,0
8183,swe,Sweden,1977,20000,0,0,20000,0,20000,0,0,0,0
8184,swe,Sweden,1978,20000,0,0,20000,0,20000,0,0,0,0
8185,swe,Sweden,1979,20000,0,0,20000,0,20000,0,0,0,0
8186,swe,Sweden,1980,20000,0,0,20000,0,20000,0,0,0,0
8187,swe,Sweden,1981,20000,0,0,20000,0,20000,0,0,0,0
8188,swe,Sweden,1982,20000,0,0,20000,0,20000,0,0,0,0
8189,swe,Sweden,1983,43000,0,0,43000,0,43000,0,0,0,0
8190,swe,Sweden,1984,90600,0,0,90600,0,90600,0,0,0,0
8191,swe,Sweden,1985,90600,0,0,90600,0,90600,0,0,0,0
8192,swe,Sweden,1986,120000,0,0,120000,0,120000,0,0,0,0
8193,swe,Sweden,1987,130000,0,0,130000,0,130000,0,0,0,0
8194,swe,Sweden,1988,139783,0,0,139783,0,139783,0,0,0,0
8195,swe,Sweden,1989,139783,0,0,139783,0,139783,0,0,0,0
8196,swe,Sweden,1990,109654,0,0,109654,0,109654,0,0,0,0
8197,swe,Sweden,1991,124457,0,0,124457,0,124457,0,0,0,0
8198,swe,Sweden,1992,131069,0,0,131069,0,131069,0,0,0,0
8199,swe,Sweden,1993,162386,0,0,162386,0,162386,0,0,0,0
8200,swe,Sweden,1994,200774,0,0,200774,0,200774,11,0,11,11
8201,swe,Sweden,1995,199194,0,0,199194,0,199194,25,0,25,25
8202,swe,Sweden,1996,191159,0,0,191159,0,191159,37,0,37,37
8203,swe,Sweden,1997,186719,0,0,186719,0,186719,39,0,39,39
8204,swe,Sweden,1998,178782,0,0,178782,0,178782,39,0,39,39
8205,swe,Sweden,1999,159504,0,0,159504,0,159504,30,0,30,30
8206,swe,Sweden,2000,157206,10800,0,168006,0,168006,17,5,22,22
8207,swe,Sweden,2001,146480,17600,0,164080,0,164080,5,8,13,13
8208,swe,Sweden,2002,142170,33277,0,175447,0,175447,27,15,42,42
8209,swe,Sweden,2003,112148,35250,0,147398,0,147398,35,24,59,59
8210,swe,Sweden,2004,73383,28006,0,101389,0,101389,30,7,37,37
8211,swe,Sweden,2005,74889,15670,0,90559,0,90559,75,10,85,85
8212,swe,Sweden,2006,79895,17384,0,97279,0,97279,16,17,33,33
8213,swe,Sweden,2007,75055,27686,0,102741,0,102741,17,5,22,22
8214,swe,Sweden,2008,77016,24075,0,101091,0,101091,16,14,30,30
8215,swe,Sweden,2009,81346,18932,0,100278,0,100278,15,12,27,27
8216,swe,Sweden,2010,82620,18606,0,101226,0,101226,23,28,51,51
8217,swe,Sweden,2011,86603,18106,0,104709,0,104709,23,18,41,41
8218,swe,Sweden,2012,92869,22830,0,115699,0,115699,21,41,62,62
8219,swe,Sweden,2013,114172,27705,0,141877,0,141877,18,10,28,28
8220,swe,Sweden,2014,142197,56748,0,198945,0,198945,18,10,28,28
8221,swe,Sweden,2015,169516,157017,0,326533,0,326533,18,15,33,33
8222,swe,Sweden,2016,230158,83040,0,313198,0,313198,13,17,30,30
8223,swe,Sweden,2017,240954,51588,0,292542,0,292542,14,18,32,32
8224,swe,Sweden,2018,248210,37892,0,286102,0,286102,16,29,45,45
8225,swe,Sweden,2019,253787,28006,0,281793,0,281793,13,35,48,48
8226,swe,Sweden,2020,248372,18603,0,266975,0,266975,8,35,43,43
8227,swe,Sweden,2021,240854,13954,0,254808,0,254808,9,43,52,52
8228,swe,Sweden,2022,277726,14469,0,292195,0,292195,23,82,105,105
8229,swe,Sweden,2023,237632,11271,0,248903,0,248903,23,175,203,203
8230,swe,Sweden,2024,163029,5490,0,168519,0,168519,98,295,398,398
8231,che,Switzerland,1951,10000,0,0,10000,0,10000,0,0,0,0
8232,che,Switzerland,1952,9800,0,0,9800,0,9800,0,0,0,0
8233,che,Switzerland,1953,9500,0,0,9500,0,9500,0,0,0,0
8234,che,Switzerland,1954,9400,0,0,9400,0,9400,0,0,0,0
8235,che,Switzerland,1955,9200,0,0,9200,0,9200,0,0,0,0
8236,che,Switzerland,1956,20700,0,0,20700,0,20700,0,0,0,0
8237,che,Switzerland,1957,20500,0,0,20500,0,20500,0,0,0,0
8238,che,Switzerland,1958,20000,0,0,20000,0,20000,0,0,0,0
8239,che,Switzerland,1959,20000,0,0,20000,0,20000,0,0,0,0
8240,che,Switzerland,1960,20000,0,0,20000,0,20000,0,0,0,0
8241,che,Switzerland,1961,20000,0,0,20000,0,20000,0,0,0,0
8242,che,Switzerland,1962,20000,0,0,20000,0,20000,0,0,0,0
8243,che,Switzerland,1963,20000,0,0,20000,0,20000,0,0,0,0
8244,che,Switzerland,1964,20000,0,0,20000,0,20000,0,0,0,0
8245,che,Switzerland,1965,20000,0,0,20000,0,20000,0,0,0,0
8246,che,Switzerland,1966,20500,0,0,20500,0,20500,0,0,0,0
8247,che,Switzerland,1967,21000,0,0,21000,0,21000,0,0,0,0
8248,che,Switzerland,1968,26000,0,0,26000,0,26000,0,0,0,0
8249,che,Switzerland,1969,30000,0,0,30000,0,30000,0,0,0,0
8250,che,Switzerland,1970,31000,0,0,31000,0,31000,0,0,0,0
8251,che,Switzerland,1971,30000,0,0,30000,0,30000,0,0,0,0
8252,che,Switzerland,1972,35000,0,0,35000,0,35000,0,0,0,0
8253,che,Switzerland,1973,35000,0,0,35000,0,35000,0,0,0,0
8254,che,Switzerland,1974,35000,0,0,35000,0,35000,0,0,0,0
8255,che,Switzerland,1975,35000,0,0,35000,0,35000,0,0,0,0
8256,che,Switzerland,1976,35000,0,0,35000,0,35000,0,0,0,0
8257,che,Switzerland,1977,30000,0,0,30000,0,30000,0,0,0,0
8258,che,Switzerland,1978,30000,0,0,30000,0,30000,0,0,0,0
8259,che,Switzerland,1979,30000,0,0,30000,0,30000,0,0,0,0
8260,che,Switzerland,1980,32000,0,0,32000,0,32000,0,0,0,0
8261,che,Switzerland,1981,40000,0,0,40000,0,40000,0,0,0,0
8262,che,Switzerland,1982,33404,0,0,33404,0,33404,0,0,0,0
8263,che,Switzerland,1983,32312,0,0,32312,0,32312,0,0,0,0
8264,che,Switzerland,1984,31201,0,0,31201,0,31201,0,0,0,0
8265,che,Switzerland,1985,30726,0,0,30726,0,30726,0,0,0,0
8266,che,Switzerland,1986,31343,0,0,31343,0,31343,0,0,0,0
8267,che,Switzerland,1987,31707,0,0,31707,0,31707,0,0,0,0
8268,che,Switzerland,1988,31949,0,0,31949,0,31949,0,0,0,0
8269,che,Switzerland,1989,36763,0,0,36763,0,36763,0,0,0,0
8270,che,Switzerland,1990,40943,0,0,40943,0,40943,0,0,0,0
8271,che,Switzerland,1991,45622,0,0,45622,0,45622,0,0,0,0
8272,che,Switzerland,1992,51930,0,0,51930,0,51930,0,0,0,0
8273,che,Switzerland,1993,56586,0,0,56586,0,56586,0,0,0,0
8274,che,Switzerland,1994,75295,0,0,75295,0,75295,8,0,8,8
8275,che,Switzerland,1995,82943,0,0,82943,0,82943,27,0,27,27
8276,che,Switzerland,1996,84413,0,0,84413,0,84413,32,0,32,32
8277,che,Switzerland,1997,83205,0,0,83205,0,83205,54,0,54,54
8278,che,Switzerland,1998,81875,0,0,81875,0,81875,76,0,76,76
8279,che,Switzerland,1999,82273,0,0,82273,0,82273,90,0,90,90
8280,che,Switzerland,2000,57624,27454,0,85078,0,85078,69,0,69,69
8281,che,Switzerland,2001,58471,25637,0,84108,0,84108,60,0,60,60
8282,che,Switzerland,2002,54081,28080,0,82161,0,82161,55,5,60,60
8283,che,Switzerland,2003,50126,24529,0,74655,0,74655,34,0,34,34
8284,che,Switzerland,2004,47654,18616,0,66270,0,66270,11,0,11,11
8285,che,Switzerland,2005,48010,14405,0,62415,0,62415,14,0,14,14
8286,che,Switzerland,2006,48508,12374,0,60882,0,60882,38,0,38,38
8287,che,Switzerland,2007,45642,10729,0,56371,0,56371,33,0,33,33
8288,che,Switzerland,2008,46131,17155,0,63286,0,63286,32,0,32,32
8289,che,Switzerland,2009,46204,17127,0,63331,0,63331,19,5,24,24
8290,che,Switzerland,2010,48813,12884,0,61697,0,61697,20,0,20,20
8291,che,Switzerland,2011,50401,16893,0,67294,0,67294,20,0,20,20
8292,che,Switzerland,2012,50733,21670,0,72403,0,72403,16,5,21,21
8293,che,Switzerland,2013,52448,22087,0,74535,0,74535,11,0,11,11
8294,che,Switzerland,2014,62596,20805,0,83401,0,83401,16,0,16,16
8295,che,Switzerland,2015,73326,32691,0,106017,0,106017,16,0,16,16
8296,che,Switzerland,2016,82668,30778,0,113446,0,113446,5,10,15,15
8297,che,Switzerland,2017,93030,23728,0,116758,0,116758,5,10,15,15
8298,che,Switzerland,2018,104011,14776,0,118787,0,118787,5,13,18,18
8299,che,Switzerland,2019,110162,11200,0,121362,0,121362,5,20,25,25
8300,che,Switzerland,2020,115798,6547,60,122405,0,122405,5,16,21,21
8301,che,Switzerland,2021,118829,7109,98,126036,0,126036,0,21,21,21
8302,che,Switzerland,2022,182474,14904,88,197466,0,197466,8,27,35,35
8303,che,Switzerland,2023,192507,18884,98,211489,0,211489,0,42,42,42
8304,che,Switzerland,2024,196167,17010,97,213274,0,213274,5,50,55,55
8305,syr,Syria,1968,0,0,0,0,0,0,1200,0,1200,1200
8306,syr,Syria,1969,0,0,0,0,0,0,1200,0,1200,1200
8307,syr,Syria,1970,0,0,0,0,0,0,0,0,0,0
8308,syr,Syria,1971,0,0,0,0,0,0,0,0,0,0
8309,syr,Syria,1972,0,0,0,0,0,0,0,0,0,0
8310,syr,Syria,1973,0,0,0,0,0,0,0,0,0,0
8311,syr,Syria,1974,0,0,0,0,0,0,0,0,0,0
8312,syr,Syria,1975,0,0,0,0,0,0,0,0,0,0
8313,syr,Syria,1976,0,0,0,0,0,0,0,0,0,0
8314,syr,Syria,1977,0,0,0,0,0,0,0,0,0,0
8315,syr,Syria,1978,170,0,0,170,0,170,0,0,0,0
8316,syr,Syria,1979,200,0,0,200,0,200,500,0,500,500
8317,syr,Syria,1980,350,0,0,350,0,350,500,0,500,500
8318,syr,Syria,1981,1050,0,0,1050,0,1050,505,0,505,505
8319,syr,Syria,1982,26570,0,0,26570,0,26570,505,0,505,505
8320,syr,Syria,1983,40490,0,0,40490,0,40490,526,0,526,526
8321,syr,Syria,1984,34230,0,0,34230,0,34230,529,0,529,529
8322,syr,Syria,1985,47750,0,0,47750,0,47750,2599,0,2599,2599
8323,syr,Syria,1986,1330,0,0,1330,0,1330,534,0,534,534
8324,syr,Syria,1987,0,0,0,0,0,0,20,0,20,20
8325,syr,Syria,1988,280,0,0,280,0,280,881,0,881,881
8326,syr,Syria,1989,0,0,0,0,0,0,397,0,397,397
8327,syr,Syria,1990,4125,0,0,4125,0,4125,2148,0,2148,2148
8328,syr,Syria,1991,4210,0,0,4210,0,4210,3037,0,3037,3037
8329,syr,Syria,1992,6310,0,0,6310,0,6310,4408,0,4408,4408
8330,syr,Syria,1993,38710,0,0,38710,0,38710,5412,0,5412,5412
8331,syr,Syria,1994,40285,0,0,40285,0,40285,7087,0,7087,7087
8332,syr,Syria,1995,36222,0,0,36222,0,36222,7995,0,7995,7995
8333,syr,Syria,1996,27758,0,0,27758,0,27758,8611,0,8611,8611
8334,syr,Syria,1997,22705,0,0,22705,0,22705,8653,0,8653,8653
8335,syr,Syria,1998,20969,0,0,20969,0,20969,8132,0,8132,8132
8336,syr,Syria,1999,6464,0,2121,8585,0,8585,6693,0,6693,6693
8337,syr,Syria,2000,3461,2638,0,6099,0,6099,5868,3730,9598,9598
8338,syr,Syria,2001,3348,598,0,3946,0,3946,4861,3853,8714,8714
8339,syr,Syria,2002,2914,489,0,3403,0,3403,18908,4264,23172,23172
8340,syr,Syria,2003,3676,931,5340,9947,0,9947,20816,3548,24364,24364
8341,syr,Syria,2004,15600,771,0,16371,0,16371,21430,3781,25211,25211
8342,syr,Syria,2005,26087,1888,0,27975,0,27975,16395,6992,23387,23387
8343,syr,Syria,2006,702202,5187,0,707389,0,707389,12327,7493,19820,19820
8344,syr,Syria,2007,1503767,5862,0,1509629,0,1509629,13684,6849,20533,20533
8345,syr,Syria,2008,1105693,2237,0,1107930,0,1107930,15206,5978,21184,21184
8346,syr,Syria,2009,1054464,3054,0,1057518,0,1057518,17915,5559,23474,23474
8347,syr,Syria,2010,1005471,2435,0,1007906,0,1007906,18451,9739,28190,28190
8348,syr,Syria,2011,755435,1813,0,757248,0,757248,19931,14441,48482,48482
8349,syr,Syria,2012,476496,2216,0,478712,2016500,2495212,729011,26016,761927,2778427
8350,syr,Syria,2013,149286,2480,0,151766,6520800,6672566,2468323,41019,2518742,9039542
8351,syr,Syria,2014,149135,2747,3270,155152,7632500,7787652,3887490,79649,3969131,11601631
8352,syr,Syria,2015,21112,5248,3554,29914,6563462,6593376,4873236,245857,5127340,11690802
8353,syr,Syria,2016,19807,12484,13628,45919,6325978,6371897,5524511,184337,5717364,12043342
8354,syr,Syria,2017,19425,18098,11213,48736,6150005,6198741,6310498,147179,6466273,12616278
8355,syr,Syria,2018,18817,18631,7879,45327,6183920,6229247,6654374,139576,6802403,12986323
8356,syr,Syria,2019,16213,12065,30971,59249,6146994,6206243,6615249,118450,6741311,12888305
8357,syr,Syria,2020,15304,8769,30846,54919,6701972,6756891,6702910,107085,6817816,13519788
8358,syr,Syria,2021,14308,8765,29494,52567,6865308,6917875,6848865,139754,6991751,13857059
8359,syr,Syria,2022,13121,5538,26980,45639,6780994,6826633,6559736,156621,6719879,13500873
8360,syr,Syria,2023,12011,4861,0,16872,7248188,7265060,6355788,182954,6545368,13793556
8361,syr,Syria,2024,11635,4767,17683,34085,7408909,7442994,5952174,167334,6122924,13531833
8362,tjk,Tajikistan,1992,3000,0,0,3000,0,3000,60008,0,60008,60008
8363,tjk,Tajikistan,1993,300,0,0,300,520000,520300,70108,0,70108,590108
8364,tjk,Tajikistan,1994,695,0,0,695,16000,16695,57143,0,57143,73143
8365,tjk,Tajikistan,1995,620,0,0,620,16700,17320,58960,0,58960,75660
8366,tjk,Tajikistan,1996,1166,0,0,1166,25285,26451,107508,0,107508,132793
8367,tjk,Tajikistan,1997,2176,0,0,2176,0,2176,75880,0,75880,75880
8368,tjk,Tajikistan,1998,3634,0,0,3634,0,3634,56350,0,57476,57476
8369,tjk,Tajikistan,1999,4541,0,0,4541,0,4541,45166,0,45166,45166
8370,tjk,Tajikistan,2000,15364,233,0,15597,0,15597,59937,635,60572,60572
8371,tjk,Tajikistan,2001,15346,381,0,15727,0,15727,56107,394,56501,56501
8372,tjk,Tajikistan,2002,3437,365,0,3802,0,3802,63264,217,63481,63481
8373,tjk,Tajikistan,2003,3304,433,0,3737,0,3737,58935,200,59135,59135
8374,tjk,Tajikistan,2004,1835,458,0,2293,0,2293,56776,157,56933,56933
8375,tjk,Tajikistan,2005,1020,22,0,1042,0,1042,54753,152,54905,54905
8376,tjk,Tajikistan,2006,930,238,0,1168,0,1168,646,119,1894,1894
8377,tjk,Tajikistan,2007,1136,142,0,1278,0,1278,887,93,980,980
8378,tjk,Tajikistan,2008,1800,41,0,1841,0,1841,541,140,681,681
8379,tjk,Tajikistan,2009,2678,1510,0,4188,0,4188,556,260,816,816
8380,tjk,Tajikistan,2010,3131,1654,0,4785,0,4785,573,324,897,897
8381,tjk,Tajikistan,2011,3322,2026,0,5348,0,5348,604,371,975,975
8382,tjk,Tajikistan,2012,2248,2140,0,4388,0,4388,669,445,1114,1114
8383,tjk,Tajikistan,2013,2050,2270,0,4320,0,4320,657,604,1261,1261
8384,tjk,Tajikistan,2014,2027,123,77,2227,0,2227,722,838,1560,1560
8385,tjk,Tajikistan,2015,1963,286,52,2301,0,2301,790,1451,2241,2241
8386,tjk,Tajikistan,2016,2724,431,0,3155,0,3155,932,3198,4130,4130
8387,tjk,Tajikistan,2017,2521,440,0,2961,0,2961,1369,3617,4986,4986
8388,tjk,Tajikistan,2018,2654,315,0,2969,0,2969,1695,3192,4887,4887
8389,tjk,Tajikistan,2019,3788,1413,0,5201,0,5201,1987,2661,4648,4648
8390,tjk,Tajikistan,2020,5578,408,0,5986,0,5986,2219,2459,4678,4678
8391,tjk,Tajikistan,2021,10724,3046,0,13770,0,13770,2412,2023,4435,4435
8392,tjk,Tajikistan,2022,8608,1113,0,9721,0,9721,2951,3646,6597,6597
8393,tjk,Tajikistan,2023,10092,1387,0,11479,0,11479,3720,6001,9721,9721
8394,tjk,Tajikistan,2024,12157,3034,0,15191,0,15191,4045,7945,11990,11990
8395,tza,Tanzania,1961,12000,0,0,12000,0,12000,0,0,0,0
8396,tza,Tanzania,1962,12000,0,0,12000,0,12000,0,0,0,0
8397,tza,Tanzania,1963,12000,0,0,12000,0,12000,0,0,0,0
8398,tza,Tanzania,1964,25000,0,0,25000,0,25000,0,0,0,0
8399,tza,Tanzania,1965,29000,0,0,29000,0,29000,0,0,0,0
8400,tza,Tanzania,1966,33950,0,0,33950,0,33950,0,0,0,0
8401,tza,Tanzania,1967,39800,0,0,39800,0,39800,0,0,0,0
8402,tza,Tanzania,1968,46000,0,0,46000,0,46000,0,0,0,0
8403,tza,Tanzania,1969,54550,0,0,54550,0,54550,0,0,0,0
8404,tza,Tanzania,1970,71500,0,0,71500,0,71500,0,0,0,0
8405,tza,Tanzania,1971,71240,0,0,71240,0,71240,0,0,0,0
8406,tza,Tanzania,1972,165000,0,0,165000,0,165000,0,0,0,0
8407,tza,Tanzania,1973,180860,0,0,180860,0,180860,0,0,0,0
8408,tza,Tanzania,1974,193190,0,0,193190,0,193190,320,0,320,320
8409,tza,Tanzania,1975,171160,0,0,171160,0,171160,0,0,0,0
8410,tza,Tanzania,1976,154000,0,0,154000,0,154000,90,0,90,90
8411,tza,Tanzania,1977,164610,0,0,164610,0,164610,300,0,300,300
8412,tza,Tanzania,1978,160960,0,0,160960,0,160960,300,0,300,300
8413,tza,Tanzania,1979,160820,0,0,160820,0,160820,600,0,600,600
8414,tza,Tanzania,1980,159610,0,0,159610,0,159610,300,0,300,300
8415,tza,Tanzania,1981,164180,0,0,164180,0,164180,3000,0,3000,3000
8416,tza,Tanzania,1982,158960,0,0,158960,0,158960,500,0,500,500
8417,tza,Tanzania,1983,180100,0,0,180100,0,180100,500,0,500,500
8418,tza,Tanzania,1984,179910,0,0,179910,0,179910,500,0,500,500
8419,tza,Tanzania,1985,214480,0,0,214480,0,214480,0,0,0,0
8420,tza,Tanzania,1986,223500,0,0,223500,0,223500,0,0,0,0
8421,tza,Tanzania,1987,266200,0,0,266200,0,266200,2000,0,2000,2000
8422,tza,Tanzania,1988,265154,0,0,265154,0,265154,5,0,5,5
8423,tza,Tanzania,1989,265128,0,0,265128,0,265128,10,0,10,10
8424,tza,Tanzania,1990,265184,0,0,265184,0,265184,10,0,10,10
8425,tza,Tanzania,1991,288103,0,0,288103,0,288103,13,0,13,13
8426,tza,Tanzania,1992,292148,0,0,292148,0,292148,19,0,19,19
8427,tza,Tanzania,1993,564520,0,0,564520,0,564520,32,0,32,32
8428,tza,Tanzania,1994,883250,0,0,883250,0,883250,62,0,62,62
8429,tza,Tanzania,1995,829671,0,0,829671,0,829671,69,0,69,69
8430,tza,Tanzania,1996,498732,0,0,498732,0,498732,66,0,66,66
8431,tza,Tanzania,1997,570367,0,0,570367,0,570367,59,0,59,59
8432,tza,Tanzania,1998,543881,0,0,543881,0,543881,100,0,7420,7420
8433,tza,Tanzania,1999,622203,0,0,622203,0,622203,117,0,7437,7437
8434,tza,Tanzania,2000,680862,21418,0,702280,0,702280,310,801,1853,1853
8435,tza,Tanzania,2001,646899,21327,0,668226,0,668226,369,807,1176,1176
8436,tza,Tanzania,2002,689373,165,0,689538,0,689538,578,2485,3063,3063
8437,tza,Tanzania,2003,649770,161,0,649931,0,649931,703,3562,4265,4265
8438,tza,Tanzania,2004,602088,161,0,602249,0,602249,982,4339,5321,5321
8439,tza,Tanzania,2005,548824,301,0,549125,0,549125,1542,5236,6778,6778
8440,tza,Tanzania,2006,485295,376,0,485671,0,485671,1665,205,1870,1870
8441,tza,Tanzania,2007,435630,309,0,435939,0,435939,1250,2906,4156,4156
8442,tza,Tanzania,2008,321908,255,0,322163,0,322163,1262,2898,4160,4160
8443,tza,Tanzania,2009,118731,843,155051,274625,0,274625,1191,204,156446,156446
8444,tza,Tanzania,2010,109286,1246,162256,272788,0,272788,1135,194,163585,163585
8445,tza,Tanzania,2011,131243,707,162256,294206,0,294206,1154,553,1707,1707
8446,tza,Tanzania,2012,101021,521,162256,263798,0,263798,1109,807,1916,1916
8447,tza,Tanzania,2013,102099,407,162256,264762,0,264762,1033,1017,2050,2050
8448,tza,Tanzania,2014,88492,883,162980,252355,0,252355,843,1056,1899,1899
8449,tza,Tanzania,2015,211845,2150,168625,382620,0,382620,810,1577,2402,2402
8450,tza,Tanzania,2016,281498,8539,168785,458822,0,458822,579,1215,1804,1804
8451,tza,Tanzania,2017,308528,44172,168581,521281,0,521281,655,1455,2125,2125
8452,tza,Tanzania,2018,278322,39659,19024,337005,0,337005,723,1659,2392,2392
8453,tza,Tanzania,2019,242171,29554,23861,295586,0,295586,695,1963,2703,2703
8454,tza,Tanzania,2020,234645,28748,23920,287313,0,287313,689,1900,2624,2624
8455,tza,Tanzania,2021,207101,27769,11824,246694,0,246694,752,1841,2626,2626
8456,tza,Tanzania,2022,206229,28745,12222,247196,0,247196,790,1916,2737,2737
8457,tza,Tanzania,2023,188953,40143,12290,241386,0,241386,935,2954,3899,3899
8458,tza,Tanzania,2024,176859,41264,12556,230679,0,230679,1259,3900,5169,5169
8459,tha,Thailand,1975,75760,0,0,75760,0,75760,0,0,0,0
8460,tha,Thailand,1976,82870,0,0,82870,0,82870,0,0,0,0
8461,tha,Thailand,1977,97600,0,0,97600,0,97600,0,0,0,0
8462,tha,Thailand,1978,138950,0,0,138950,0,138950,0,0,0,0
8463,tha,Thailand,1979,151620,0,0,151620,0,151620,0,0,0,0
8464,tha,Thailand,1980,261360,0,0,261360,0,261360,0,0,0,0
8465,tha,Thailand,1981,192990,0,0,192990,0,192990,0,0,0,0
8466,tha,Thailand,1982,168980,0,0,168980,0,168980,0,0,0,0
8467,tha,Thailand,1983,144320,0,0,144320,0,144320,0,0,0,0
8468,tha,Thailand,1984,128500,0,0,128500,0,128500,0,0,0,0
8469,tha,Thailand,1985,130420,0,0,130420,0,130420,0,0,0,0
8470,tha,Thailand,1986,119920,0,0,119920,0,119920,0,0,0,0
8471,tha,Thailand,1987,112740,0,0,112740,0,112740,0,0,0,0
8472,tha,Thailand,1988,107799,0,0,107799,0,107799,0,0,0,0
8473,tha,Thailand,1989,99935,0,0,99935,0,99935,0,0,0,0
8474,tha,Thailand,1990,99821,0,0,99821,0,99821,18,0,18,18
8475,tha,Thailand,1991,88164,0,0,88164,0,88164,29,0,29,29
8476,tha,Thailand,1992,63625,0,0,63625,0,63625,33,0,33,33
8477,tha,Thailand,1993,119232,0,0,119232,0,119232,33,0,33,33
8478,tha,Thailand,1994,100817,0,0,100817,0,100817,135,0,135,135
8479,tha,Thailand,1995,106565,0,0,106565,0,106565,209,0,209,209
8480,tha,Thailand,1996,107962,0,0,107962,0,107962,282,0,282,282
8481,tha,Thailand,1997,169154,0,200,169354,0,169354,268,0,268,268
8482,tha,Thailand,1998,138334,0,1200,139534,0,139534,290,0,290,290
8483,tha,Thailand,1999,100133,0,38,100171,0,100171,315,0,315,315
8484,tha,Thailand,2000,104966,360,5,105331,0,105331,213,139,352,352
8485,tha,Thailand,2001,110711,343,5,111059,0,111059,90,156,246,246
8486,tha,Thailand,2002,112614,1051,5,113670,0,113670,342,250,592,592
8487,tha,Thailand,2003,119056,2645,5,121706,0,121706,295,155,450,450
8488,tha,Thailand,2004,121145,1038,5,122188,0,122188,320,90,410,410
8489,tha,Thailand,2005,117050,32137,135,149322,0,149322,424,214,645,645
8490,tha,Thailand,2006,133107,18406,288,151801,0,151801,3323,201,3524,3524
8491,tha,Thailand,2007,125627,13471,0,139098,0,139098,2322,363,2685,2685
8492,tha,Thailand,2008,112916,12563,0,125479,0,125479,1811,406,2222,2222
8493,tha,Thailand,2009,105286,10245,0,115531,0,115531,498,392,890,890
8494,tha,Thailand,2010,96666,10233,0,106899,0,106899,351,217,568,568
8495,tha,Thailand,2011,89245,13331,0,102576,0,102576,365,175,540,540
8496,tha,Thailand,2012,84475,14554,0,99029,0,99029,378,172,550,550
8497,tha,Thailand,2013,136489,4685,216,141390,0,141390,220,173,393,393
8498,tha,Thailand,2014,130227,7917,395,138539,0,138539,223,410,633,633
8499,tha,Thailand,2015,108252,8248,438,116938,0,116938,209,833,1042,1042
8500,tha,Thailand,2016,106431,4986,261,111678,0,111678,147,950,1097,1097
8501,tha,Thailand,2017,104605,2046,109,106760,0,106760,164,1333,1497,1497
8502,tha,Thailand,2018,102234,934,98,103266,0,103266,183,2792,2975,2975
8503,tha,Thailand,2019,97556,837,119,98512,0,98512,173,3531,3704,3704
8504,tha,Thailand,2020,96179,852,146,97177,0,97177,174,3760,3934,3934
8505,tha,Thailand,2021,100510,677,198,101385,0,101385,181,3230,3411,3411
8506,tha,Thailand,2022,94472,926,321,95719,0,95719,210,3203,3413,3413
8507,tha,Thailand,2023,87314,1674,584,89572,0,89572,222,3371,3593,3593
8508,tha,Thailand,2024,84421,2604,513,87538,0,87538,300,4022,4322,4322
8509,tls,Timor-Leste,1999,0,0,0,0,0,0,162472,0,162472,162472
8510,tls,Timor-Leste,2000,0,0,0,0,0,0,122202,19,122221,122221
8511,tls,Timor-Leste,2001,0,6,0,6,0,6,73042,20,73062,73062
8512,tls,Timor-Leste,2002,0,5,0,5,0,5,28097,513,28610,28610
8513,tls,Timor-Leste,2003,0,12,452,464,0,464,127,5,969,969
8514,tls,Timor-Leste,2004,0,8,0,8,0,8,221,0,221,221
8515,tls,Timor-Leste,2005,0,8,0,8,0,8,251,0,251,251
8516,tls,Timor-Leste,2006,0,0,0,0,155231,155231,251,8,259,155490
8517,tls,Timor-Leste,2007,0,0,0,0,62625,62625,6,0,6,62631
8518,tls,Timor-Leste,2008,0,12,0,12,15860,15872,7,0,7,15867
8519,tls,Timor-Leste,2009,0,5,0,5,0,5,7,0,7,7
8520,tls,Timor-Leste,2010,0,0,0,0,0,0,8,0,8,8
8521,tls,Timor-Leste,2011,0,0,0,0,0,0,8,0,8,8
8522,tls,Timor-Leste,2012,0,0,0,0,0,0,8,6,14,14
8523,tls,Timor-Leste,2013,0,0,0,0,0,0,8,10,18,18
8524,tls,Timor-Leste,2014,0,0,5,5,0,5,13,7,20,20
8525,tls,Timor-Leste,2015,0,0,5,5,0,5,19,5,24,24
8526,tls,Timor-Leste,2016,0,0,0,0,0,0,19,0,19,19
8527,tls,Timor-Leste,2017,0,0,0,0,0,0,13,5,18,18
8528,tls,Timor-Leste,2018,0,0,0,0,0,0,12,10,22,22
8529,tls,Timor-Leste,2019,0,0,0,0,0,0,17,41,58,58
8530,tls,Timor-Leste,2020,0,0,0,0,0,0,11,324,335,335
8531,tls,Timor-Leste,2021,0,0,0,0,0,0,11,368,379,379
8532,tls,Timor-Leste,2022,0,0,0,0,0,0,6,690,696,696
8533,tls,Timor-Leste,2023,0,0,0,0,0,0,0,1085,1085,1085
8534,tls,Timor-Leste,2024,0,0,0,0,0,0,5,1453,1458,1458
8535,tgo,Togo,1961,5000,0,0,5000,0,5000,0,0,0,0
8536,tgo,Togo,1962,5000,0,0,5000,0,5000,0,0,0,0
8537,tgo,Togo,1963,5000,0,0,5000,0,5000,0,0,0,0
8538,tgo,Togo,1964,5000,0,0,5000,0,5000,0,0,0,0
8539,tgo,Togo,1965,5000,0,0,5000,0,5000,0,0,0,0
8540,tgo,Togo,1966,0,0,0,0,0,0,0,0,0,0
8541,tgo,Togo,1967,0,0,0,0,0,0,0,0,0,0
8542,tgo,Togo,1968,0,0,0,0,0,0,0,0,0,0
8543,tgo,Togo,1969,200,0,0,200,0,200,0,0,0,0
8544,tgo,Togo,1970,0,0,0,0,0,0,0,0,0,0
8545,tgo,Togo,1971,0,0,0,0,0,0,0,0,0,0
8546,tgo,Togo,1972,0,0,0,0,0,0,0,0,0,0
8547,tgo,Togo,1973,0,0,0,0,0,0,0,0,0,0
8548,tgo,Togo,1974,0,0,0,0,0,0,0,0,0,0
8549,tgo,Togo,1975,0,0,0,0,0,0,0,0,0,0
8550,tgo,Togo,1976,100,0,0,100,0,100,0,0,0,0
8551,tgo,Togo,1977,0,0,0,0,0,0,0,0,0,0
8552,tgo,Togo,1978,0,0,0,0,0,0,0,0,0,0
8553,tgo,Togo,1979,0,0,0,0,0,0,0,0,0,0
8554,tgo,Togo,1980,0,0,0,0,0,0,0,0,0,0
8555,tgo,Togo,1981,0,0,0,0,0,0,0,0,0,0
8556,tgo,Togo,1982,200,0,0,200,0,200,0,0,0,0
8557,tgo,Togo,1983,1770,0,0,1770,0,1770,0,0,0,0
8558,tgo,Togo,1984,1800,0,0,1800,0,1800,0,0,0,0
8559,tgo,Togo,1985,3050,0,0,3050,0,3050,5,0,5,5
8560,tgo,Togo,1986,2610,0,0,2610,0,2610,5,0,5,5
8561,tgo,Togo,1987,3460,0,0,3460,0,3460,5,0,5,5
8562,tgo,Togo,1988,3422,0,0,3422,0,3422,5,0,5,5
8563,tgo,Togo,1989,3401,0,0,3401,0,3401,5,0,5,5
8564,tgo,Togo,1990,3477,0,0,3477,0,3477,5,0,5,5
8565,tgo,Togo,1991,3406,0,0,3406,0,3406,17,0,17,17
8566,tgo,Togo,1992,3353,0,0,3353,0,3353,105,0,105,105
8567,tgo,Togo,1993,3280,0,0,3280,0,3280,291055,0,291055,291055
8568,tgo,Togo,1994,12367,0,0,12367,0,12367,167866,0,167866,167866
8569,tgo,Togo,1995,10877,0,0,10877,0,10877,93152,0,93152,93152
8570,tgo,Togo,1996,12588,0,0,12588,0,12588,25587,0,25587,25587
8571,tgo,Togo,1997,12682,0,0,12682,0,12682,7182,0,7182,7182
8572,tgo,Togo,1998,11816,0,0,11816,0,11816,3500,0,3500,3500
8573,tgo,Togo,1999,12113,0,0,12113,0,12113,3695,0,3695,3695
8574,tgo,Togo,2000,12223,79,0,12302,0,12302,4022,1277,5299,5299
8575,tgo,Togo,2001,12257,76,0,12333,0,12333,4356,1965,6321,6321
8576,tgo,Togo,2002,12295,118,0,12413,0,12413,10441,2778,13219,13219
8577,tgo,Togo,2003,12396,329,0,12725,0,12725,10609,5721,16330,16330
8578,tgo,Togo,2004,11286,372,0,11658,0,11658,10818,5456,16274,16274
8579,tgo,Togo,2005,9288,407,0,9695,3000,12695,51092,7466,58558,61558
8580,tgo,Togo,2006,6330,434,0,6764,0,6764,27318,6588,33906,33906
8581,tgo,Togo,2007,1330,124,0,1454,0,1454,22481,1301,23782,23782
8582,tgo,Togo,2008,9377,448,0,9825,0,9825,16734,1119,17853,17853
8583,tgo,Togo,2009,8534,148,0,8682,0,8682,18363,959,19322,19322
8584,tgo,Togo,2010,14051,144,0,14195,0,14195,18308,1023,19331,19331
8585,tgo,Togo,2011,19271,375,0,19646,0,19646,17853,2974,20827,20827
8586,tgo,Togo,2012,23539,399,0,23938,0,23938,15683,3018,18701,18701
8587,tgo,Togo,2013,20613,426,0,21039,0,21039,10301,1508,11809,11809
8588,tgo,Togo,2014,21773,710,0,22483,0,22483,9271,1691,10962,10962
8589,tgo,Togo,2015,21949,745,0,22694,0,22694,8774,2128,10902,10902
8590,tgo,Togo,2016,12486,777,0,13263,0,13263,8296,2645,10941,10941
8591,tgo,Togo,2017,12425,744,0,13169,0,13169,8115,3762,11877,11877
8592,tgo,Togo,2018,12335,694,0,13029,0,13029,8029,3546,11575,11575
8593,tgo,Togo,2019,11964,692,0,12656,0,12656,8034,3380,11414,11414
8594,tgo,Togo,2020,10798,660,0,11458,0,11458,7704,3330,11034,11034
8595,tgo,Togo,2021,10683,810,0,11493,0,11493,7985,2984,10994,10994
8596,tgo,Togo,2022,9300,576,0,9876,0,9876,7871,2889,10760,10760
8597,tgo,Togo,2023,28240,4400,0,32640,9680,42320,7955,8192,16147,25827
8598,tgo,Togo,2024,47494,1262,0,48756,9680,58436,12685,5251,17936,27616
8599,ton,Tonga,1996,0,0,0,0,0,0,5,0,5,5
8600,ton,Tonga,1997,0,0,0,0,0,0,5,0,5,5
8601,ton,Tonga,1998,0,0,0,0,0,0,0,0,0,0
8602,ton,Tonga,1999,0,0,0,0,0,0,0,0,0,0
8603,ton,Tonga,2000,0,0,0,0,0,0,5,22,27,27
8604,ton,Tonga,2001,0,0,0,0,0,0,0,47,47,47
8605,ton,Tonga,2002,0,0,0,0,0,0,7,65,72,72
8606,ton,Tonga,2003,0,0,0,0,0,0,11,38,49,49
8607,ton,Tonga,2004,0,0,0,0,0,0,5,13,18,18
8608,ton,Tonga,2005,0,0,0,0,0,0,0,6,6,6
8609,ton,Tonga,2006,0,0,0,0,0,0,5,14,19,19
8610,ton,Tonga,2007,0,0,0,0,0,0,0,14,14,14
8611,ton,Tonga,2008,0,0,0,0,0,0,5,21,26,26
8612,ton,Tonga,2009,0,0,0,0,0,0,5,21,26,26
8613,ton,Tonga,2010,0,0,0,0,0,0,5,10,15,15
8614,ton,Tonga,2011,0,0,0,0,0,0,7,21,28,28
8615,ton,Tonga,2012,0,0,0,0,0,0,11,39,50,50
8616,ton,Tonga,2013,0,0,0,0,0,0,16,61,77,77
8617,ton,Tonga,2014,0,0,0,0,0,0,19,82,101,101
8618,ton,Tonga,2015,0,0,0,0,0,0,22,62,84,84
8619,ton,Tonga,2016,0,0,0,0,0,0,25,77,102,102
8620,ton,Tonga,2017,0,0,0,0,0,0,34,106,140,140
8621,ton,Tonga,2018,0,0,0,0,0,0,32,170,202,202
8622,ton,Tonga,2019,0,0,0,0,0,0,32,419,451,451
8623,ton,Tonga,2020,0,0,0,0,0,0,31,731,762,762
8624,ton,Tonga,2021,0,0,0,0,0,0,28,816,844,844
8625,ton,Tonga,2022,0,0,0,0,0,0,30,1308,1338,1338
8626,ton,Tonga,2023,0,0,0,0,0,0,41,1327,1368,1368
8627,ton,Tonga,2024,0,0,0,0,0,0,42,1712,1754,1754
8628,tto,Trinidad and Tobago,1994,0,0,0,0,0,0,12,0,12,12
8629,tto,Trinidad and Tobago,1995,0,0,0,0,0,0,12,0,12,12
8630,tto,Trinidad and Tobago,1996,0,0,0,0,0,0,17,0,17,17
8631,tto,Trinidad and Tobago,1997,0,0,0,0,0,0,20,0,20,20
8632,tto,Trinidad and Tobago,1998,0,0,0,0,0,0,25,0,25,25
8633,tto,Trinidad and Tobago,1999,0,0,0,0,0,0,24,0,24,24
8634,tto,Trinidad and Tobago,2000,0,0,0,0,0,0,24,117,141,141
8635,tto,Trinidad and Tobago,2001,0,0,0,0,0,0,16,179,195,195
8636,tto,Trinidad and Tobago,2002,0,0,0,0,0,0,35,321,356,356
8637,tto,Trinidad and Tobago,2003,0,0,0,0,0,0,39,288,327,327
8638,tto,Trinidad and Tobago,2004,0,0,0,0,0,0,38,172,210,210
8639,tto,Trinidad and Tobago,2005,0,0,0,0,0,0,61,209,270,270
8640,tto,Trinidad and Tobago,2006,0,0,0,0,0,0,151,158,309,309
8641,tto,Trinidad and Tobago,2007,15,96,0,111,0,111,210,175,385,385
8642,tto,Trinidad and Tobago,2008,36,93,0,129,0,129,228,241,469,469
8643,tto,Trinidad and Tobago,2009,41,192,0,233,0,233,239,271,510,510
8644,tto,Trinidad and Tobago,2010,20,96,0,116,0,116,252,146,398,398
8645,tto,Trinidad and Tobago,2011,15,5,0,20,0,20,296,103,399,399
8646,tto,Trinidad and Tobago,2012,13,0,0,13,0,13,335,90,425,425
8647,tto,Trinidad and Tobago,2013,10,38,0,48,0,48,336,127,463,463
8648,tto,Trinidad and Tobago,2014,76,80,0,156,0,156,371,173,544,544
8649,tto,Trinidad and Tobago,2015,105,87,5,197,0,197,369,195,569,569
8650,tto,Trinidad and Tobago,2016,104,202,6,312,0,312,295,241,542,542
8651,tto,Trinidad and Tobago,2017,282,1975,15,2272,0,2272,310,303,628,628
8652,tto,Trinidad and Tobago,2018,784,9937,15,10736,0,10736,323,305,643,643
8653,tto,Trinidad and Tobago,2019,2308,17364,200,19872,0,19872,307,408,915,915
8654,tto,Trinidad and Tobago,2020,3179,19926,393,23498,0,23498,295,414,1102,1102
8655,tto,Trinidad and Tobago,2021,3571,21622,590,25783,0,25783,285,508,1383,1383
8656,tto,Trinidad and Tobago,2022,3424,20369,789,24582,0,24582,296,627,1712,1712
8657,tto,Trinidad and Tobago,2023,3205,28617,1040,32862,0,32862,351,819,2210,2210
8658,tto,Trinidad and Tobago,2024,3328,20806,1333,25467,0,25467,474,1110,2917,2917
8659,tun,Tunisia,1951,2000,0,0,2000,0,2000,0,0,0,0
8660,tun,Tunisia,1952,0,0,0,0,0,0,0,0,0,0
8661,tun,Tunisia,1953,0,0,0,0,0,0,0,0,0,0
8662,tun,Tunisia,1954,2000,0,0,2000,0,2000,0,0,0,0
8663,tun,Tunisia,1955,0,0,0,0,0,0,0,0,0,0
8664,tun,Tunisia,1956,0,0,0,0,0,0,0,0,0,0
8665,tun,Tunisia,1957,0,0,0,0,0,0,0,0,0,0
8666,tun,Tunisia,1958,1000,0,0,1000,0,1000,0,0,0,0
8667,tun,Tunisia,1959,1000,0,0,1000,0,1000,0,0,0,0
8668,tun,Tunisia,1960,1000,0,0,1000,0,1000,0,0,0,0
8669,tun,Tunisia,1961,1000,0,0,1000,0,1000,0,0,0,0
8670,tun,Tunisia,1962,1000,0,0,1000,0,1000,0,0,0,0
8671,tun,Tunisia,1963,1000,0,0,1000,0,1000,0,0,0,0
8672,tun,Tunisia,1964,1000,0,0,1000,0,1000,0,0,0,0
8673,tun,Tunisia,1965,500,0,0,500,0,500,0,0,0,0
8674,tun,Tunisia,1966,0,0,0,0,0,0,0,0,0,0
8675,tun,Tunisia,1967,0,0,0,0,0,0,0,0,0,0
8676,tun,Tunisia,1968,1000,0,0,1000,0,1000,0,0,0,0
8677,tun,Tunisia,1969,0,0,0,0,0,0,0,0,0,0
8678,tun,Tunisia,1970,0,0,0,0,0,0,0,0,0,0
8679,tun,Tunisia,1971,100,0,0,100,0,100,0,0,0,0
8680,tun,Tunisia,1972,0,0,0,0,0,0,0,0,0,0
8681,tun,Tunisia,1973,70,0,0,70,0,70,0,0,0,0
8682,tun,Tunisia,1974,0,0,0,0,0,0,0,0,0,0
8683,tun,Tunisia,1975,0,0,0,0,0,0,0,0,0,0
8684,tun,Tunisia,1976,0,0,0,0,0,0,0,0,0,0
8685,tun,Tunisia,1977,0,0,0,0,0,0,0,0,0,0
8686,tun,Tunisia,1978,0,0,0,0,0,0,0,0,0,0
8687,tun,Tunisia,1979,0,0,0,0,0,0,0,0,0,0
8688,tun,Tunisia,1980,0,0,0,0,0,0,0,0,0,0
8689,tun,Tunisia,1981,0,0,0,0,0,0,0,0,0,0
8690,tun,Tunisia,1982,0,0,0,0,0,0,0,0,0,0
8691,tun,Tunisia,1983,0,0,0,0,0,0,5,0,5,5
8692,tun,Tunisia,1984,0,0,0,0,0,0,6,0,6,6
8693,tun,Tunisia,1985,0,0,0,0,0,0,6,0,6,6
8694,tun,Tunisia,1986,0,0,0,0,0,0,6,0,6,6
8695,tun,Tunisia,1987,0,0,0,0,0,0,6,0,6,6
8696,tun,Tunisia,1988,0,0,0,0,0,0,7,0,7,7
8697,tun,Tunisia,1989,0,0,0,0,0,0,7,0,7,7
8698,tun,Tunisia,1990,30,0,0,30,0,30,40,0,40,40
8699,tun,Tunisia,1991,130,0,0,130,0,130,61,0,61,61
8700,tun,Tunisia,1992,111,0,0,111,0,111,88,0,88,88
8701,tun,Tunisia,1993,99,0,0,99,0,99,106,0,106,106
8702,tun,Tunisia,1994,11,0,0,11,0,11,208,0,208,208
8703,tun,Tunisia,1995,195,0,0,195,0,195,327,0,327,327
8704,tun,Tunisia,1996,172,0,0,172,0,172,410,0,410,410
8705,tun,Tunisia,1997,497,0,0,497,0,497,703,0,703,703
8706,tun,Tunisia,1998,525,0,0,525,0,525,931,0,931,931
8707,tun,Tunisia,1999,444,0,0,444,0,444,1236,0,1236,1236
8708,tun,Tunisia,2000,428,5,0,433,0,433,1205,366,1571,1571
8709,tun,Tunisia,2001,92,17,0,109,0,109,1364,396,1760,1760
8710,tun,Tunisia,2002,93,10,0,103,0,103,2543,432,2975,2975
8711,tun,Tunisia,2003,87,6,0,93,0,93,2562,370,2932,2932
8712,tun,Tunisia,2004,83,5,0,88,0,88,2511,343,2854,2854
8713,tun,Tunisia,2005,81,28,0,109,0,109,3120,357,3477,3477
8714,tun,Tunisia,2006,85,66,0,151,0,151,2835,358,3193,3193
8715,tun,Tunisia,2007,93,52,0,145,0,145,2488,334,2822,2822
8716,tun,Tunisia,2008,90,45,0,135,0,135,2334,352,2686,2686
8717,tun,Tunisia,2009,86,32,0,118,0,118,2237,488,2725,2725
8718,tun,Tunisia,2010,86,24,0,110,0,110,2159,537,2696,2696
8719,tun,Tunisia,2011,4085,544,0,4629,0,4629,1930,1598,3528,3528
8720,tun,Tunisia,2012,1433,335,0,1768,0,1768,1918,2279,4197,4197
8721,tun,Tunisia,2013,727,351,0,1078,0,1078,1359,1785,3149,3149
8722,tun,Tunisia,2014,895,223,0,1118,0,1118,1476,1782,3269,3269
8723,tun,Tunisia,2015,659,80,0,739,0,739,1554,2329,3890,3890
8724,tun,Tunisia,2016,646,30,5,681,0,681,1687,2062,3756,3756
8725,tun,Tunisia,2017,726,36,0,762,0,762,1826,2330,4163,4163
8726,tun,Tunisia,2018,1061,250,8,1319,0,1319,1985,2749,4734,4734
8727,tun,Tunisia,2019,1732,1517,17,3266,0,3266,2068,2668,4750,4750
8728,tun,Tunisia,2020,2580,3700,54,6334,0,6334,1636,2829,4476,4476
8729,tun,Tunisia,2021,3186,6140,45,9371,0,9371,2201,4012,6222,6222
8730,tun,Tunisia,2022,3299,5630,23,8952,0,8952,2691,7923,10653,10653
8731,tun,Tunisia,2023,3994,11093,23,15110,0,15110,2800,9194,12004,12004
8732,tun,Tunisia,2024,2955,9620,0,12575,0,12575,3593,11415,15013,15013
8733,tur,Turkey,1951,2700,0,0,2700,0,2700,0,0,0,0
8734,tur,Turkey,1952,2000,0,0,2000,0,2000,0,0,0,0
8735,tur,Turkey,1953,2000,0,0,2000,0,2000,0,0,0,0
8736,tur,Turkey,1954,2500,0,0,2500,0,2500,0,0,0,0
8737,tur,Turkey,1955,2200,0,0,2200,0,2200,0,0,0,0
8738,tur,Turkey,1956,2100,0,0,2100,0,2100,0,0,0,0
8739,tur,Turkey,1957,2200,0,0,2200,0,2200,0,0,0,0
8740,tur,Turkey,1958,2150,0,0,2150,0,2150,0,0,0,0
8741,tur,Turkey,1959,2150,0,0,2150,0,2150,0,0,0,0
8742,tur,Turkey,1960,2200,0,0,2200,0,2200,0,0,0,0
8743,tur,Turkey,1961,2300,0,0,2300,0,2300,0,0,0,0
8744,tur,Turkey,1962,2300,0,0,2300,0,2300,0,0,0,0
8745,tur,Turkey,1963,2300,0,0,2300,0,2300,0,0,0,0
8746,tur,Turkey,1964,2300,0,0,2300,0,2300,0,0,0,0
8747,tur,Turkey,1965,2000,0,0,2000,0,2000,0,0,0,0
8748,tur,Turkey,1966,1900,0,0,1900,0,1900,0,0,0,0
8749,tur,Turkey,1967,1850,0,0,1850,0,1850,0,0,0,0
8750,tur,Turkey,1968,1980,0,0,1980,0,1980,0,0,0,0
8751,tur,Turkey,1969,1400,0,0,1400,0,1400,0,0,0,0
8752,tur,Turkey,1970,1170,0,0,1170,0,1170,0,0,0,0
8753,tur,Turkey,1971,1150,0,0,1150,0,1150,0,0,0,0
8754,tur,Turkey,1972,1160,0,0,1160,0,1160,250,0,250,250
8755,tur,Turkey,1973,1160,0,0,1160,0,1160,0,0,0,0
8756,tur,Turkey,1974,1060,0,0,1060,0,1060,0,0,0,0
8757,tur,Turkey,1975,1060,0,0,1060,0,1060,0,0,0,0
8758,tur,Turkey,1976,1060,0,0,1060,0,1060,0,0,0,0
8759,tur,Turkey,1977,1050,0,0,1050,0,1050,70,0,70,70
8760,tur,Turkey,1978,1070,0,0,1070,0,1070,60,0,60,60
8761,tur,Turkey,1979,1060,0,0,1060,0,1060,60,0,60,60
8762,tur,Turkey,1980,6100,0,0,6100,0,6100,0,0,0,0
8763,tur,Turkey,1981,1180,0,0,1180,0,1180,0,0,0,0
8764,tur,Turkey,1982,1670,0,0,1670,0,1670,300,0,300,300
8765,tur,Turkey,1983,1320,0,0,1320,0,1320,540,0,540,540
8766,tur,Turkey,1984,2600,0,0,2600,0,2600,1040,0,1040,1040
8767,tur,Turkey,1985,1790,0,0,1790,0,1790,810,0,810,810
8768,tur,Turkey,1986,1920,0,0,1920,0,1920,850,0,850,850
8769,tur,Turkey,1987,2200,0,0,2200,0,2200,1085,0,1085,1085
8770,tur,Turkey,1988,4450,0,0,4450,0,4450,150,0,150,150
8771,tur,Turkey,1989,33067,0,0,33067,0,33067,2764,0,2764,2764
8772,tur,Turkey,1990,28000,0,0,28000,0,28000,5508,0,5508,5508
8773,tur,Turkey,1991,30462,0,0,30462,0,30462,6452,0,6452,6452
8774,tur,Turkey,1992,28477,0,0,28477,0,28477,10089,0,10089,10089
8775,tur,Turkey,1993,23267,0,0,23267,0,23267,16767,0,16767,16767
8776,tur,Turkey,1994,24927,0,0,24927,0,24927,28872,0,28872,28872
8777,tur,Turkey,1995,12841,0,0,12841,0,12841,44866,0,44866,44866
8778,tur,Turkey,1996,8166,0,0,8166,0,8166,50355,0,50355,50355
8779,tur,Turkey,1997,2448,0,0,2448,0,2448,47339,0,47339,47339
8780,tur,Turkey,1998,2529,0,0,2529,0,2529,45019,0,45019,45019
8781,tur,Turkey,1999,2810,0,0,2810,0,2810,44012,0,44012,44012
8782,tur,Turkey,2000,3096,5200,0,8296,0,8296,47154,10231,57385,57385
8783,tur,Turkey,2001,3466,4168,0,7634,0,7634,47085,13326,60411,60411
8784,tur,Turkey,2002,3302,2577,0,5879,0,5879,193697,12516,206213,206213
8785,tur,Turkey,2003,2488,3448,0,5936,0,5936,185086,8527,193613,193613
8786,tur,Turkey,2004,3029,3929,0,6958,0,6958,174572,5282,179854,179854
8787,tur,Turkey,2005,2395,4870,1400,8665,0,8665,170557,11310,181867,181867
8788,tur,Turkey,2006,2624,6202,306,9132,0,9132,227236,12187,239423,239423
8789,tur,Turkey,2007,6941,5166,306,12413,0,12413,221937,9172,231109,231109
8790,tur,Turkey,2008,11090,7107,306,18503,0,18503,214365,8531,222896,222896
8791,tur,Turkey,2009,10339,5969,306,16614,0,16614,146378,9273,155651,155651
8792,tur,Turkey,2010,10025,6699,306,17030,0,17030,146785,7493,154278,154278
8793,tur,Turkey,2011,14457,10936,9576,34969,0,34969,139763,6885,146648,146648
8794,tur,Turkey,2012,267063,23785,306,291154,0,291154,135353,8857,144210,144210
8795,tur,Turkey,2013,609931,52448,306,662685,0,662685,66558,10552,77120,77120
8796,tur,Turkey,2014,1587365,106357,306,1694028,0,1694028,63882,11189,75082,75082
8797,tur,Turkey,2015,2541348,212368,0,2753716,0,2753716,59545,12073,71630,71630
8798,tur,Turkey,2016,2869419,245926,0,3115345,0,3115345,57915,23236,81196,81196
8799,tur,Turkey,2017,3480350,308838,0,3789188,0,3789188,61383,33801,95194,95194
8800,tur,Turkey,2018,3681688,311699,0,3993387,0,3993387,68900,42915,111825,111825
8801,tur,Turkey,2019,3579531,328257,0,3907788,0,3907788,83239,46941,130237,130237
8802,tur,Turkey,2020,3652362,322188,0,3974550,0,3974550,93730,44517,138274,138274
8803,tur,Turkey,2021,3759817,304970,0,4064787,0,4064787,105019,46327,151468,151468
8804,tur,Turkey,2022,3568259,272336,0,3840595,0,3840595,93537,82737,176453,176453
8805,tur,Turkey,2023,3251127,222069,0,3473196,0,3473196,127738,153142,281347,281347
8806,tur,Turkey,2024,2940735,154083,0,3094818,0,3094818,139640,158221,298365,298365
8807,tkm,Turkmenistan,1993,15400,0,0,15400,0,15400,0,0,0,0
8808,tkm,Turkmenistan,1994,15400,0,0,15400,0,15400,7,0,7,7
8809,tkm,Turkmenistan,1995,23324,0,0,23324,0,23324,45,0,45,45
8810,tkm,Turkmenistan,1996,15582,0,0,15582,0,15582,2936,0,2936,2936
8811,tkm,Turkmenistan,1997,15787,0,0,15787,0,15787,3179,0,3179,3179
8812,tkm,Turkmenistan,1998,14626,0,20,14646,0,14646,1562,0,1721,1721
8813,tkm,Turkmenistan,1999,18461,0,0,18461,0,18461,1051,0,1051,1051
8814,tkm,Turkmenistan,2000,14188,566,0,14754,0,14754,299,15,314,314
8815,tkm,Turkmenistan,2001,14003,489,0,14492,0,14492,305,36,341,341
8816,tkm,Turkmenistan,2002,13691,0,0,13691,0,13691,797,124,921,921
8817,tkm,Turkmenistan,2003,13509,5,0,13514,0,13514,836,159,995,995
8818,tkm,Turkmenistan,2004,13252,0,0,13252,0,13252,815,180,995,995
8819,tkm,Turkmenistan,2005,11965,0,0,11965,0,11965,818,170,988,988
8820,tkm,Turkmenistan,2006,751,0,0,751,0,751,689,146,835,835
8821,tkm,Turkmenistan,2007,126,16,0,142,0,142,667,134,801,801
8822,tkm,Turkmenistan,2008,81,0,0,81,0,81,735,110,845,845
8823,tkm,Turkmenistan,2009,62,0,0,62,0,62,734,77,811,811
8824,tkm,Turkmenistan,2010,64,0,0,64,0,64,723,47,770,770
8825,tkm,Turkmenistan,2011,59,0,0,59,0,59,711,70,781,781
8826,tkm,Turkmenistan,2012,46,0,0,46,0,46,708,125,833,833
8827,tkm,Turkmenistan,2013,45,0,0,45,0,45,502,317,819,819
8828,tkm,Turkmenistan,2014,34,0,0,34,0,34,470,743,1213,1213
8829,tkm,Turkmenistan,2015,25,0,0,25,0,25,446,1205,1651,1651
8830,tkm,Turkmenistan,2016,26,0,0,26,0,26,371,1069,1440,1440
8831,tkm,Turkmenistan,2017,22,0,0,22,0,22,365,1115,1480,1480
8832,tkm,Turkmenistan,2018,21,0,0,21,0,21,457,1264,1721,1721
8833,tkm,Turkmenistan,2019,21,0,0,21,0,21,478,576,1054,1054
8834,tkm,Turkmenistan,2020,20,0,0,20,0,20,498,585,1083,1083
8835,tkm,Turkmenistan,2021,16,0,0,16,0,16,563,722,1285,1285
8836,tkm,Turkmenistan,2022,14,0,0,14,0,14,2240,863,3103,3103
8837,tkm,Turkmenistan,2023,3614,0,0,3614,0,3614,1848,1833,3681,3681
8838,tkm,Turkmenistan,2024,3409,0,0,3409,0,3409,2580,2327,4907,4907
8839,tuv,Tuvalu,1995,0,0,0,0,0,0,5,0,5,5
8840,tuv,Tuvalu,1996,0,0,0,0,0,0,5,0,5,5
8841,tuv,Tuvalu,1997,0,0,0,0,0,0,5,0,5,5
8842,tuv,Tuvalu,1998,0,0,0,0,0,0,5,0,5,5
8843,tuv,Tuvalu,1999,0,0,0,0,0,0,5,0,5,5
8844,tuv,Tuvalu,2000,0,0,0,0,0,0,5,0,5,5
8845,tuv,Tuvalu,2001,0,0,0,0,0,0,5,0,5,5
8846,tuv,Tuvalu,2002,0,0,0,0,0,0,5,0,5,5
8847,tuv,Tuvalu,2003,0,0,0,0,0,0,5,0,5,5
8848,tuv,Tuvalu,2004,0,0,0,0,0,0,5,0,5,5
8849,tuv,Tuvalu,2005,0,0,0,0,0,0,0,0,0,0
8850,tuv,Tuvalu,2006,0,0,0,0,0,0,5,0,5,5
8851,tuv,Tuvalu,2007,0,0,0,0,0,0,0,0,0,0
8852,tuv,Tuvalu,2008,0,0,0,0,0,0,0,0,0,0
8853,tuv,Tuvalu,2009,0,0,0,0,0,0,0,0,0,0
8854,tuv,Tuvalu,2010,0,0,0,0,0,0,0,0,0,0
8855,tuv,Tuvalu,2011,0,0,0,0,0,0,0,0,0,0
8856,tuv,Tuvalu,2012,0,0,0,0,0,0,0,5,5,5
8857,tuv,Tuvalu,2013,0,0,0,0,0,0,0,0,0,0
8858,tuv,Tuvalu,2014,0,0,0,0,0,0,0,0,0,0
8859,tuv,Tuvalu,2015,0,0,0,0,0,0,0,0,0,0
8860,tuv,Tuvalu,2016,0,0,0,0,0,0,0,0,0,0
8861,tuv,Tuvalu,2017,0,0,0,0,0,0,0,0,0,0
8862,tuv,Tuvalu,2018,0,0,0,0,0,0,0,0,0,0
8863,tuv,Tuvalu,2019,0,0,0,0,0,0,0,0,0,0
8864,tuv,Tuvalu,2020,0,0,0,0,0,0,0,0,0,0
8865,tuv,Tuvalu,2021,0,0,0,0,0,0,0,0,0,0
8866,tuv,Tuvalu,2022,0,0,0,0,0,0,0,0,0,0
8867,tuv,Tuvalu,2023,0,0,0,0,0,0,0,5,5,5
8868,tuv,Tuvalu,2024,0,0,0,0,0,0,0,11,11,11
8869,uga,Uganda,1961,52000,0,0,52000,0,52000,0,0,0,0
8870,uga,Uganda,1962,52000,0,0,52000,0,52000,0,0,0,0
8871,uga,Uganda,1963,59000,0,0,59000,0,59000,0,0,0,0
8872,uga,Uganda,1964,113000,0,0,113000,0,113000,0,0,0,0
8873,uga,Uganda,1965,137400,0,0,137400,0,137400,0,0,0,0
8874,uga,Uganda,1966,156000,0,0,156000,0,156000,0,0,0,0
8875,uga,Uganda,1967,162760,0,0,162760,0,162760,0,0,0,0
8876,uga,Uganda,1968,175730,0,0,175730,0,175730,0,0,0,0
8877,uga,Uganda,1969,177260,0,0,177260,0,177260,0,0,0,0
8878,uga,Uganda,1970,179800,0,0,179800,0,179800,0,0,0,0
8879,uga,Uganda,1971,180920,0,0,180920,0,180920,0,0,0,0
8880,uga,Uganda,1972,166560,0,0,166560,0,166560,0,0,0,0
8881,uga,Uganda,1973,113900,0,0,113900,0,113900,950,0,950,950
8882,uga,Uganda,1974,118510,0,0,118510,0,118510,2630,0,2630,2630
8883,uga,Uganda,1975,112630,0,0,112630,0,112630,2510,0,2510,2510
8884,uga,Uganda,1976,112930,0,0,112930,0,112930,3250,0,3250,3250
8885,uga,Uganda,1977,113570,0,0,113570,0,113570,8000,0,8000,8000
8886,uga,Uganda,1978,113680,0,0,113680,0,113680,8820,0,8820,8820
8887,uga,Uganda,1979,112680,0,0,112680,0,112680,88710,0,88710,88710
8888,uga,Uganda,1980,113000,0,0,113000,0,113000,224301,0,224301,224301
8889,uga,Uganda,1981,113000,0,0,113000,0,113000,176691,0,176691,176691
8890,uga,Uganda,1982,113000,0,0,113000,0,113000,271285,0,271285,271285
8891,uga,Uganda,1983,132970,0,0,132970,0,132970,315346,0,315346,315346
8892,uga,Uganda,1984,151000,0,0,151000,0,151000,293991,0,293991,293991
8893,uga,Uganda,1985,151000,0,0,151000,0,151000,306060,0,306060,306060
8894,uga,Uganda,1986,144060,0,0,144060,0,144060,238652,0,238652,238652
8895,uga,Uganda,1987,88670,0,0,88670,0,88670,111071,0,111071,111071
8896,uga,Uganda,1988,103102,0,0,103102,0,103102,21975,0,21975,21975
8897,uga,Uganda,1989,129961,0,0,129961,0,129961,21358,0,21358,21358
8898,uga,Uganda,1990,145718,0,0,145718,0,145718,58820,0,58820,58820
8899,uga,Uganda,1991,162521,0,0,162521,0,162521,39386,0,39386,39386
8900,uga,Uganda,1992,196290,0,0,196290,0,196290,32456,0,32456,32456
8901,uga,Uganda,1993,286500,0,0,286500,0,286500,33406,0,33406,33406
8902,uga,Uganda,1994,286500,0,0,286500,0,286500,31446,0,31446,31446
8903,uga,Uganda,1995,229348,0,0,229348,0,229348,24161,0,24161,24161
8904,uga,Uganda,1996,264294,0,0,264294,0,264294,28335,0,28335,28335
8905,uga,Uganda,1997,188512,0,0,188512,0,188512,55232,0,55232,55232
8906,uga,Uganda,1998,204543,0,0,204543,0,204543,13294,0,13294,13294
8907,uga,Uganda,1999,218191,0,0,218191,0,218191,13929,0,13929,13929
8908,uga,Uganda,2000,236622,2466,0,239088,0,239088,32405,1050,33455,33455
8909,uga,Uganda,2001,199735,629,0,200364,0,200364,40133,943,41076,41076
8910,uga,Uganda,2002,217301,544,0,217845,0,217845,40414,2030,42444,42444
8911,uga,Uganda,2003,230904,723,0,231627,0,231627,35240,2818,38058,38058
8912,uga,Uganda,2004,250477,1806,0,252283,0,252283,31955,3202,35157,35157
8913,uga,Uganda,2005,257252,1806,0,259058,0,259058,34208,4297,38505,38505
8914,uga,Uganda,2006,272003,5812,0,277815,1586174,1863989,21735,1344,23079,1609253
8915,uga,Uganda,2007,228956,5776,0,234732,1235992,1470724,21325,3130,24455,1260447
8916,uga,Uganda,2008,162132,9248,0,171380,853000,1024380,7533,3127,10660,863660
8917,uga,Uganda,2009,127340,11551,0,138891,446300,585191,7543,898,8441,454741
8918,uga,Uganda,2010,135799,20803,0,156602,125598,282200,6421,929,7350,132948
8919,uga,Uganda,2011,139442,23449,0,162891,29776,192667,5658,1970,7628,37404
8920,uga,Uganda,2012,197872,28061,0,225933,0,225933,5588,3076,8664,8664
8921,uga,Uganda,2013,220548,24216,50000,294764,0,294764,8166,3754,61920,61920
8922,uga,Uganda,2014,385503,35468,180000,600971,0,600971,7177,4748,191925,191925
8923,uga,Uganda,2015,477187,35768,180000,692955,0,692955,6311,6426,192737,192737
8924,uga,Uganda,2016,940825,41872,180000,1162697,0,1162697,6229,5328,191557,191557
8925,uga,Uganda,2017,1350495,44635,180000,1575130,0,1575130,6409,10156,196565,196565
8926,uga,Uganda,2018,1165646,25269,180000,1370915,0,1370915,7034,10956,197990,197990
8927,uga,Uganda,2019,1359458,21658,0,1381116,0,1381116,7301,11433,18741,18741
8928,uga,Uganda,2020,1421133,25236,0,1446369,0,1446369,7442,11742,19191,19191
8929,uga,Uganda,2021,1529903,43388,0,1573291,0,1573291,7887,11824,19721,19721
8930,uga,Uganda,2022,1463523,32166,0,1495689,0,1495689,7572,11833,19440,19440
8931,uga,Uganda,2023,1577498,37657,0,1615155,0,1615155,8376,14989,23370,23370
8932,uga,Uganda,2024,1759492,37105,0,1796597,0,1796597,10384,18311,28695,28695
8933,ukr,Ukraine,1992,0,0,0,0,0,0,39,0,39,39
8934,ukr,Ukraine,1993,0,0,0,0,0,0,133,0,133,133
8935,ukr,Ukraine,1994,5193,0,0,5193,0,5193,917,0,917,917
8936,ukr,Ukraine,1995,5193,0,0,5193,0,5193,1702,0,1702,1702
8937,ukr,Ukraine,1996,3585,0,0,3585,0,3585,6106,0,6106,6106
8938,ukr,Ukraine,1997,4566,0,35000,39566,0,39566,6348,0,6348,6348
8939,ukr,Ukraine,1998,6101,0,105677,111778,0,111778,4599,0,5169,5169
8940,ukr,Ukraine,1999,2687,0,261025,263712,0,263712,12235,0,12235,12235
8941,ukr,Ukraine,2000,2927,75,261139,264141,0,264141,19310,3038,22444,22444
8942,ukr,Ukraine,2001,2958,171,6566,9695,0,9695,26712,5896,32608,32608
8943,ukr,Ukraine,2002,2940,400,14300,17640,0,17640,85258,4872,90130,90130
8944,ukr,Ukraine,2003,2851,874,85266,88991,0,88991,94141,2850,96991,96991
8945,ukr,Ukraine,2004,2442,1803,2809,7054,0,7054,89582,2642,92224,92224
8946,ukr,Ukraine,2005,2334,1591,2809,6734,0,6734,84223,2664,86887,86887
8947,ukr,Ukraine,2006,2267,1157,5000,8424,0,8424,63716,3478,67194,67194
8948,ukr,Ukraine,2007,7272,1283,0,8555,0,8555,25980,2418,28398,28398
8949,ukr,Ukraine,2008,7189,1300,0,8489,0,8489,28416,1900,30316,30316
8950,ukr,Ukraine,2009,7321,2030,0,9351,0,9351,24512,1530,26042,26042
8951,ukr,Ukraine,2010,3016,2949,0,5965,0,5965,25102,1250,26352,26352
8952,ukr,Ukraine,2011,3168,3589,0,6757,0,6757,25372,1039,26411,26411
8953,ukr,Ukraine,2012,2790,5062,0,7852,0,7852,25248,1209,26457,26457
8954,ukr,Ukraine,2013,2956,5458,0,8414,0,8414,5154,1631,6791,6791
8955,ukr,Ukraine,2014,3206,5889,0,9095,823000,832095,237617,15085,252707,1075707
8956,ukr,Ukraine,2015,3261,6479,0,9740,1600000,1609740,321399,22350,343754,1943754
8957,ukr,Ukraine,2016,3292,6536,0,9828,1800000,1809828,239062,34638,273705,2073705
8958,ukr,Ukraine,2017,3241,6210,0,9451,1800000,1809451,139581,37670,177256,1977256
8959,ukr,Ukraine,2018,2606,6389,0,8995,1500002,1508997,93248,31965,125213,1625215
8960,ukr,Ukraine,2019,2166,2386,1680000,1684552,734000,2418552,59844,27991,1768092,2502092
8961,ukr,Ukraine,2020,2249,2359,1620000,1624608,734000,2358608,35156,21426,1676587,2410587
8962,ukr,Ukraine,2021,2382,2719,1424800,1429901,854000,2283901,27562,19426,1471793,2325793
8963,ukr,Ukraine,2022,2520,502,497343,500365,5914000,6414365,5684177,34637,6263944,12177944
8964,ukr,Ukraine,2023,2512,498,958361,961371,3689000,4650371,5960362,33988,6982775,10671775
8965,ukr,Ukraine,2024,2389,487,851644,854520,3665000,4519520,5120036,44349,6041112,9706112
8966,are,United Arab Emirates,1968,300,0,0,300,0,300,0,0,0,0
8967,are,United Arab Emirates,1969,300,0,0,300,0,300,0,0,0,0
8968,are,United Arab Emirates,1970,0,0,0,0,0,0,0,0,0,0
8969,are,United Arab Emirates,1971,870,0,0,870,0,870,0,0,0,0
8970,are,United Arab Emirates,1972,870,0,0,870,0,870,0,0,0,0
8971,are,United Arab Emirates,1973,3200,0,0,3200,0,3200,0,0,0,0
8972,are,United Arab Emirates,1974,1200,0,0,1200,0,1200,0,0,0,0
8973,are,United Arab Emirates,1975,0,0,0,0,0,0,0,0,0,0
8974,are,United Arab Emirates,1976,4000,0,0,4000,0,4000,0,0,0,0
8975,are,United Arab Emirates,1977,390,0,0,390,0,390,0,0,0,0
8976,are,United Arab Emirates,1978,390,0,0,390,0,390,0,0,0,0
8977,are,United Arab Emirates,1979,590,0,0,590,0,590,0,0,0,0
8978,are,United Arab Emirates,1980,2490,0,0,2490,0,2490,0,0,0,0
8979,are,United Arab Emirates,1981,6090,0,0,6090,0,6090,0,0,0,0
8980,are,United Arab Emirates,1982,3690,0,0,3690,0,3690,0,0,0,0
8981,are,United Arab Emirates,1983,4090,0,0,4090,0,4090,0,0,0,0
8982,are,United Arab Emirates,1984,5170,0,0,5170,0,5170,0,0,0,0
8983,are,United Arab Emirates,1985,26350,0,0,26350,0,26350,0,0,0,0
8984,are,United Arab Emirates,1986,0,0,0,0,0,0,0,0,0,0
8985,are,United Arab Emirates,1987,0,0,0,0,0,0,0,0,0,0
8986,are,United Arab Emirates,1988,0,0,0,0,0,0,0,0,0,0
8987,are,United Arab Emirates,1989,70,0,0,70,0,70,0,0,0,0
8988,are,United Arab Emirates,1990,0,0,0,0,0,0,0,0,0,0
8989,are,United Arab Emirates,1991,0,0,0,0,0,0,0,0,0,0
8990,are,United Arab Emirates,1992,0,0,0,0,0,0,0,0,0,0
8991,are,United Arab Emirates,1993,434,0,0,434,0,434,0,0,0,0
8992,are,United Arab Emirates,1994,380,0,0,380,0,380,0,0,0,0
8993,are,United Arab Emirates,1995,409,0,0,409,0,409,0,0,0,0
8994,are,United Arab Emirates,1996,464,0,0,464,0,464,0,0,0,0
8995,are,United Arab Emirates,1997,519,0,0,519,0,519,0,0,0,0
8996,are,United Arab Emirates,1998,532,0,0,532,0,532,5,0,5,5
8997,are,United Arab Emirates,1999,501,0,0,501,0,501,5,0,5,5
8998,are,United Arab Emirates,2000,560,329,0,889,0,889,17,8,25,25
8999,are,United Arab Emirates,2001,554,355,0,909,0,909,18,29,47,47
9000,are,United Arab Emirates,2002,165,272,0,437,0,437,29,36,65,65
9001,are,United Arab Emirates,2003,160,61,0,221,0,221,16,22,38,38
9002,are,United Arab Emirates,2004,106,52,0,158,0,158,69,5,74,74
9003,are,United Arab Emirates,2005,104,77,0,181,0,181,31,15,46,46
9004,are,United Arab Emirates,2006,176,31,0,207,0,207,260,10,270,270
9005,are,United Arab Emirates,2007,161,66,0,227,0,227,305,10,315,315
9006,are,United Arab Emirates,2008,204,67,0,271,0,271,255,8,263,263
9007,are,United Arab Emirates,2009,280,76,0,356,0,356,411,22,433,433
9008,are,United Arab Emirates,2010,538,88,0,626,0,626,418,24,442,442
9009,are,United Arab Emirates,2011,675,41,0,716,0,716,484,6,490,490
9010,are,United Arab Emirates,2012,628,91,0,719,0,719,580,13,593,593
9011,are,United Arab Emirates,2013,602,74,0,676,0,676,84,41,145,145
9012,are,United Arab Emirates,2014,419,212,0,631,0,631,84,68,152,152
9013,are,United Arab Emirates,2015,663,422,0,1085,0,1085,91,103,194,194
9014,are,United Arab Emirates,2016,888,605,0,1493,0,1493,103,160,263,263
9015,are,United Arab Emirates,2017,884,1882,10,2776,0,2776,137,207,344,344
9016,are,United Arab Emirates,2018,1167,6500,97,7764,0,7764,169,272,441,441
9017,are,United Arab Emirates,2019,1242,7266,130,8638,0,8638,155,181,336,336
9018,are,United Arab Emirates,2020,1315,7229,127,8671,0,8671,181,181,362,362
9019,are,United Arab Emirates,2021,1355,7203,123,8681,0,8681,160,215,375,375
9020,are,United Arab Emirates,2022,1399,7110,121,8630,0,8630,199,594,793,793
9021,are,United Arab Emirates,2023,1416,7044,113,8573,0,8573,229,171,400,400
9022,are,United Arab Emirates,2024,1377,6257,100,7734,0,7734,261,159,420,420
9023,gbr,United Kingdom,1951,208000,0,0,208000,0,208000,0,0,0,0
9024,gbr,United Kingdom,1952,200000,0,0,200000,0,200000,0,0,0,0
9025,gbr,United Kingdom,1953,192000,0,0,192000,0,192000,0,0,0,0
9026,gbr,United Kingdom,1954,182000,0,0,182000,0,182000,0,0,0,0
9027,gbr,United Kingdom,1955,175000,0,0,175000,0,175000,0,0,0,0
9028,gbr,United Kingdom,1956,182000,0,0,182000,0,182000,0,0,0,0
9029,gbr,United Kingdom,1957,179000,0,0,179000,0,179000,0,0,0,0
9030,gbr,United Kingdom,1958,175000,0,0,175000,0,175000,0,0,0,0
9031,gbr,United Kingdom,1959,170000,0,0,170000,0,170000,0,0,0,0
9032,gbr,United Kingdom,1960,167000,0,0,167000,0,167000,0,0,0,0
9033,gbr,United Kingdom,1961,164000,0,0,164000,0,164000,0,0,0,0
9034,gbr,United Kingdom,1962,160000,0,0,160000,0,160000,0,0,0,0
9035,gbr,United Kingdom,1963,157000,0,0,157000,0,157000,0,0,0,0
9036,gbr,United Kingdom,1964,160000,0,0,160000,0,160000,0,0,0,0
9037,gbr,United Kingdom,1965,170000,0,0,170000,0,170000,0,0,0,0
9038,gbr,United Kingdom,1966,167000,0,0,167000,0,167000,0,0,0,0
9039,gbr,United Kingdom,1967,164000,0,0,164000,0,164000,0,0,0,0
9040,gbr,United Kingdom,1968,161000,0,0,161000,0,161000,0,0,0,0
9041,gbr,United Kingdom,1969,162000,0,0,162000,0,162000,0,0,0,0
9042,gbr,United Kingdom,1970,162000,0,0,162000,0,162000,0,0,0,0
9043,gbr,United Kingdom,1971,150000,0,0,150000,0,150000,0,0,0,0
9044,gbr,United Kingdom,1972,150000,0,0,150000,0,150000,0,0,0,0
9045,gbr,United Kingdom,1973,150000,0,0,150000,0,150000,0,0,0,0
9046,gbr,United Kingdom,1974,155500,0,0,155500,0,155500,0,0,0,0
9047,gbr,United Kingdom,1975,153000,0,0,153000,0,153000,0,0,0,0
9048,gbr,United Kingdom,1976,153000,0,0,153000,0,153000,0,0,0,0
9049,gbr,United Kingdom,1977,148000,0,0,148000,0,148000,0,0,0,0
9050,gbr,United Kingdom,1978,150000,0,0,150000,0,150000,0,0,0,0
9051,gbr,United Kingdom,1979,146000,0,0,146000,0,146000,0,0,0,0
9052,gbr,United Kingdom,1980,148000,0,0,148000,0,148000,0,0,0,0
9053,gbr,United Kingdom,1981,146000,0,0,146000,0,146000,0,0,0,0
9054,gbr,United Kingdom,1982,143000,0,0,143000,0,143000,0,0,0,0
9055,gbr,United Kingdom,1983,140000,0,0,140000,0,140000,0,0,0,0
9056,gbr,United Kingdom,1984,135000,0,0,135000,0,135000,0,0,0,0
9057,gbr,United Kingdom,1985,135000,0,0,135000,0,135000,0,0,0,0
9058,gbr,United Kingdom,1986,100000,0,0,100000,0,100000,0,0,0,0
9059,gbr,United Kingdom,1987,100000,0,0,100000,0,100000,0,0,0,0
9060,gbr,United Kingdom,1988,39755,0,0,39755,0,39755,0,0,0,0
9061,gbr,United Kingdom,1989,46014,0,0,46014,0,46014,0,0,0,0
9062,gbr,United Kingdom,1990,43625,0,0,43625,0,43625,0,0,0,0
9063,gbr,United Kingdom,1991,43368,0,0,43368,0,43368,0,0,0,0
9064,gbr,United Kingdom,1992,64717,0,0,64717,0,64717,0,0,0,0
9065,gbr,United Kingdom,1993,80230,0,0,80230,0,80230,0,0,0,0
9066,gbr,United Kingdom,1994,85159,0,0,85159,0,85159,106,0,106,106
9067,gbr,United Kingdom,1995,90908,0,0,90908,0,90908,75,0,75,75
9068,gbr,United Kingdom,1996,98577,0,0,98577,0,98577,69,0,69,69
9069,gbr,United Kingdom,1997,107933,0,0,107933,0,107933,75,0,75,75
9070,gbr,United Kingdom,1998,121715,0,0,121715,0,121715,88,0,88,88
9071,gbr,United Kingdom,1999,148921,0,0,148921,0,148921,102,0,102,102
9072,gbr,United Kingdom,2000,186247,88600,0,274847,0,274847,109,69,178,178
9073,gbr,United Kingdom,2001,233389,38800,0,272189,0,272189,104,77,181,181
9074,gbr,United Kingdom,2002,260687,41300,0,301987,0,301987,158,74,232,232
9075,gbr,United Kingdom,2003,276482,23900,0,300382,0,300382,146,64,210,210
9076,gbr,United Kingdom,2004,298826,9700,0,308526,0,308526,141,46,187,187
9077,gbr,United Kingdom,2005,303163,12500,0,315663,0,315663,134,57,191,191
9078,gbr,United Kingdom,2006,301537,12400,0,313937,0,313937,170,43,213,213
9079,gbr,United Kingdom,2007,299701,10800,0,310501,0,310501,198,36,234,234
9080,gbr,United Kingdom,2008,292081,13600,0,305681,0,305681,182,24,206,206
9081,gbr,United Kingdom,2009,269355,12406,0,281761,0,281761,155,44,199,199
9082,gbr,United Kingdom,2010,238133,14880,0,253013,0,253013,152,43,195,195
9083,gbr,United Kingdom,2011,193494,16861,0,210355,0,210355,150,40,190,190
9084,gbr,United Kingdom,2012,149790,18896,0,168686,0,168686,150,45,195,195
9085,gbr,United Kingdom,2013,126036,25100,0,151136,0,151136,140,66,206,206
9086,gbr,United Kingdom,2014,117226,36354,0,153580,0,153580,137,77,214,214
9087,gbr,United Kingdom,2015,123051,45853,0,168904,0,168904,128,109,237,237
9088,gbr,United Kingdom,2016,118973,43496,0,162469,0,162469,78,100,178,178
9089,gbr,United Kingdom,2017,121821,40354,0,162175,0,162175,85,158,243,243
9090,gbr,United Kingdom,2018,126708,45234,0,171942,0,171942,84,184,268,268
9091,gbr,United Kingdom,2019,133083,61947,161,195191,0,195191,69,227,296,296
9092,gbr,United Kingdom,2020,132304,77245,209,209758,0,209758,62,200,262,262
9093,gbr,United Kingdom,2021,137078,104897,258,242233,0,242233,81,277,358,358
9094,gbr,United Kingdom,2022,328989,167289,319,496597,0,496597,217,408,625,625
9095,gbr,United Kingdom,2023,448620,138156,362,587138,0,587138,210,394,604,604
9096,gbr,United Kingdom,2024,515677,124783,389,640849,0,640849,417,701,1118,1118
9097,usa,United States,1951,350000,0,0,350000,0,350000,0,0,0,0
9098,usa,United States,1952,500000,0,0,500000,0,500000,0,0,0,0
9099,usa,United States,1953,500000,0,0,500000,0,500000,0,0,0,0
9100,usa,United States,1954,500000,0,0,500000,0,500000,0,0,0,0
9101,usa,United States,1955,500000,0,0,500000,0,500000,0,0,0,0
9102,usa,United States,1956,500000,0,0,500000,0,500000,0,0,0,0
9103,usa,United States,1957,500000,0,0,500000,0,500000,0,0,0,0
9104,usa,United States,1958,500000,0,0,500000,0,500000,0,0,0,0
9105,usa,United States,1959,500000,0,0,500000,0,500000,0,0,0,0
9106,usa,United States,1960,500000,0,0,500000,0,500000,0,0,0,0
9107,usa,United States,1961,500000,0,0,500000,0,500000,0,0,0,0
9108,usa,United States,1962,500000,0,0,500000,0,500000,0,0,0,0
9109,usa,United States,1963,500000,0,0,500000,0,500000,0,0,0,0
9110,usa,United States,1964,500000,0,0,500000,0,500000,0,0,0,0
9111,usa,United States,1965,510000,0,0,510000,0,510000,0,0,0,0
9112,usa,United States,1966,500000,0,0,500000,0,500000,0,0,0,0
9113,usa,United States,1967,480000,0,0,480000,0,480000,0,0,0,0
9114,usa,United States,1968,498000,0,0,498000,0,498000,0,0,0,0
9115,usa,United States,1969,500000,0,0,500000,0,500000,0,0,0,0
9116,usa,United States,1970,500000,0,0,500000,0,500000,0,0,0,0
9117,usa,United States,1971,530000,0,0,530000,0,530000,0,0,0,0
9118,usa,United States,1972,530000,0,0,530000,0,530000,0,0,0,0
9119,usa,United States,1973,530000,0,0,530000,0,530000,0,0,0,0
9120,usa,United States,1974,530000,0,0,530000,0,530000,0,0,0,0
9121,usa,United States,1975,530000,0,0,530000,0,530000,0,0,0,0
9122,usa,United States,1976,500000,0,0,500000,0,500000,0,0,0,0
9123,usa,United States,1977,684700,0,0,684700,0,684700,0,0,0,0
9124,usa,United States,1978,734000,0,0,734000,0,734000,0,0,0,0
9125,usa,United States,1979,734000,0,0,734000,0,734000,0,0,0,0
9126,usa,United States,1980,403684,0,0,403684,0,403684,0,0,0,0
9127,usa,United States,1981,537375,0,0,537375,0,537375,0,0,0,0
9128,usa,United States,1982,620257,0,0,620257,0,620257,0,0,0,0
9129,usa,United States,1983,655532,0,0,655532,0,655532,0,0,0,0
9130,usa,United States,1984,626909,0,0,626909,0,626909,0,0,0,0
9131,usa,United States,1985,492806,0,0,492806,0,492806,0,0,0,0
9132,usa,United States,1986,398633,0,0,398633,0,398633,0,0,0,0
9133,usa,United States,1987,365726,0,0,365726,0,365726,0,0,0,0
9134,usa,United States,1988,377769,0,0,377769,0,377769,0,0,0,0
9135,usa,United States,1989,411496,0,0,411496,0,411496,0,0,0,0
9136,usa,United States,1990,464887,0,0,464887,0,464887,0,0,0,0
9137,usa,United States,1991,513885,0,0,513885,0,513885,8,0,8,8
9138,usa,United States,1992,579938,0,0,579938,0,579938,8,0,8,8
9139,usa,United States,1993,623056,0,0,623056,0,623056,10,0,10,10
9140,usa,United States,1994,631046,0,0,631046,0,631046,364,0,364,364
9141,usa,United States,1995,623279,0,0,623279,0,623279,243,0,243,243
9142,usa,United States,1996,607005,0,0,607005,0,607005,141,0,141,141
9143,usa,United States,1997,563813,0,0,563813,0,563813,75,0,75,75
9144,usa,United States,1998,533951,0,0,533951,0,533951,50,0,50,50
9145,usa,United States,1999,521134,0,0,521134,0,521134,38,0,38,38
9146,usa,United States,2000,508209,386303,0,894512,0,894512,173,86,259,259
9147,usa,United States,2001,515851,395849,0,911700,0,911700,220,110,330,330
9148,usa,United States,2002,485173,395358,0,880531,0,880531,383,233,616,616
9149,usa,United States,2003,452536,350860,0,803396,0,803396,394,345,739,739
9150,usa,United States,2004,420788,263675,0,684463,0,684463,451,266,717,717
9151,usa,United States,2005,379330,169706,0,549036,0,549036,676,255,931,931
9152,usa,United States,2006,843434,124194,0,967628,0,967628,1353,390,1743,1743
9153,usa,United States,2007,281154,83855,0,365009,0,365009,2164,1100,3264,3264
9154,usa,United States,2008,279468,69188,0,348656,0,348656,2126,1740,3866,3866
9155,usa,United States,2009,275393,63758,0,339151,0,339151,2367,1443,3810,3810
9156,usa,United States,2010,264505,6276,0,270781,0,270781,3019,866,3885,3885
9157,usa,United States,2011,264752,11700,0,276452,0,276452,3775,591,4366,4366
9158,usa,United States,2012,262006,18946,0,280952,0,280952,4454,417,4871,4871
9159,usa,United States,2013,263653,84317,0,347970,0,347970,4755,283,5046,5046
9160,usa,United States,2014,267214,187815,0,455029,0,455029,4980,164,5161,5161
9161,usa,United States,2015,273198,286177,0,559375,0,559375,4824,245,5079,5079
9162,usa,United States,2016,272963,439864,0,712827,0,712827,302,286,595,595
9163,usa,United States,2017,287135,642719,0,929854,0,929854,310,2196,2512,2512
9164,usa,United States,2018,313242,718992,0,1032234,0,1032234,332,2834,3166,3166
9165,usa,United States,2019,341715,847608,0,1189323,0,1189323,297,2940,3249,3249
9166,usa,United States,2020,340846,997996,0,1338842,0,1338842,349,2491,2847,2847
9167,usa,United States,2021,339179,1303181,0,1642360,0,1642360,426,1662,2094,2094
9168,usa,United States,2022,363059,1798792,0,2161851,0,2161851,1327,2115,3452,3452
9169,usa,United States,2023,409202,2601467,0,3010669,0,3010669,1229,2051,3285,3285
9170,usa,United States,2024,435333,3184162,0,3619495,0,3619495,4004,2409,6413,6413
9171,ury,Uruguay,1970,1500,0,0,1500,0,1500,0,0,0,0
9172,ury,Uruguay,1971,1500,0,0,1500,0,1500,0,0,0,0
9173,ury,Uruguay,1972,1500,0,0,1500,0,1500,0,0,0,0
9174,ury,Uruguay,1973,0,0,0,0,0,0,0,0,0,0
9175,ury,Uruguay,1974,1250,0,0,1250,0,1250,3000,0,3000,3000
9176,ury,Uruguay,1975,0,0,0,0,0,0,570,0,570,570
9177,ury,Uruguay,1976,0,0,0,0,0,0,1160,0,1160,1160
9178,ury,Uruguay,1977,2000,0,0,2000,0,2000,0,0,0,0
9179,ury,Uruguay,1978,2000,0,0,2000,0,2000,0,0,0,0
9180,ury,Uruguay,1979,2000,0,0,2000,0,2000,0,0,0,0
9181,ury,Uruguay,1980,1700,0,0,1700,0,1700,24,0,24,24
9182,ury,Uruguay,1981,1700,0,0,1700,0,1700,24,0,24,24
9183,ury,Uruguay,1982,60,0,0,60,0,60,525,0,525,525
9184,ury,Uruguay,1983,150,0,0,150,0,150,25,0,25,25
9185,ury,Uruguay,1984,0,0,0,0,0,0,165,0,165,165
9186,ury,Uruguay,1985,110,0,0,110,0,110,537,0,537,537
9187,ury,Uruguay,1986,70,0,0,70,0,70,47,0,47,47
9188,ury,Uruguay,1987,110,0,0,110,0,110,39,0,39,39
9189,ury,Uruguay,1988,110,0,0,110,0,110,33,0,33,33
9190,ury,Uruguay,1989,110,0,0,110,0,110,203,0,203,203
9191,ury,Uruguay,1990,87,0,0,87,0,87,843,0,843,843
9192,ury,Uruguay,1991,81,0,0,81,0,81,601,0,601,601
9193,ury,Uruguay,1992,90,0,0,90,0,90,431,0,431,431
9194,ury,Uruguay,1993,131,0,0,131,0,131,164,0,164,164
9195,ury,Uruguay,1994,116,0,0,116,0,116,363,0,363,363
9196,ury,Uruguay,1995,121,0,0,121,0,121,263,0,263,263
9197,ury,Uruguay,1996,130,0,0,130,0,130,202,0,202,202
9198,ury,Uruguay,1997,134,0,0,134,0,134,87,0,87,87
9199,ury,Uruguay,1998,163,0,0,163,0,163,72,0,72,72
9200,ury,Uruguay,1999,83,0,0,83,0,83,36,0,36,36
9201,ury,Uruguay,2000,74,0,0,74,0,74,48,162,210,210
9202,ury,Uruguay,2001,86,0,0,86,0,86,45,311,356,356
9203,ury,Uruguay,2002,97,0,0,97,0,97,60,510,570,570
9204,ury,Uruguay,2003,84,5,0,89,0,89,59,541,600,600
9205,ury,Uruguay,2004,87,5,0,92,0,92,76,129,205,205
9206,ury,Uruguay,2005,114,0,0,114,0,114,107,63,170,170
9207,ury,Uruguay,2006,117,22,0,139,0,139,158,54,212,212
9208,ury,Uruguay,2007,130,29,0,159,0,159,193,31,224,224
9209,ury,Uruguay,2008,133,33,0,166,0,166,194,52,246,246
9210,ury,Uruguay,2009,162,32,0,194,0,194,183,60,243,243
9211,ury,Uruguay,2010,181,33,0,214,0,214,185,49,234,234
9212,ury,Uruguay,2011,165,49,0,214,0,214,183,41,224,224
9213,ury,Uruguay,2012,170,40,0,210,0,210,168,33,201,201
9214,ury,Uruguay,2013,190,38,0,228,0,228,144,22,166,166
9215,ury,Uruguay,2014,254,51,0,305,0,305,119,42,161,161
9216,ury,Uruguay,2015,292,69,0,361,0,361,84,62,146,146
9217,ury,Uruguay,2016,299,352,0,651,0,651,23,103,126,126
9218,ury,Uruguay,2017,334,2089,6157,8580,0,8580,12,174,186,186
9219,ury,Uruguay,2018,379,6404,0,6783,0,6783,7,203,210,210
9220,ury,Uruguay,2019,498,13742,0,14240,0,14240,15,311,326,326
9221,ury,Uruguay,2020,664,10631,0,11295,0,11295,15,435,450,450
9222,ury,Uruguay,2021,877,13519,0,14396,0,14396,45,648,693,693
9223,ury,Uruguay,2022,1115,16479,0,17594,0,17594,82,578,660,660
9224,ury,Uruguay,2023,1285,24173,0,25458,0,25458,93,818,911,911
9225,ury,Uruguay,2024,1322,30827,0,32149,0,32149,131,989,1120,1120
9226,uzb,Uzbekistan,1993,8000,0,0,8000,0,8000,0,0,0,0
9227,uzb,Uzbekistan,1994,8000,0,0,8000,0,8000,29060,0,29060,29060
9228,uzb,Uzbekistan,1995,2623,0,0,2623,0,2623,142,0,142,142
9229,uzb,Uzbekistan,1996,2894,0,0,2894,0,2894,69745,0,69745,69745
9230,uzb,Uzbekistan,1997,3150,0,0,3150,0,3150,69068,0,69068,69068
9231,uzb,Uzbekistan,1998,1070,0,0,1070,0,1070,51722,0,52436,52436
9232,uzb,Uzbekistan,1999,1015,0,0,1015,0,1015,45527,0,45527,45527
9233,uzb,Uzbekistan,2000,38349,1243,0,39592,0,39592,3628,372,55649,55649
9234,uzb,Uzbekistan,2001,39579,1335,0,40914,0,40914,3454,662,11543,11543
9235,uzb,Uzbekistan,2002,44933,1075,0,46008,0,46008,6882,1532,10875,10875
9236,uzb,Uzbekistan,2003,44683,967,0,45650,0,45650,7394,1524,9348,9348
9237,uzb,Uzbekistan,2004,44452,475,0,44927,0,44927,7292,1332,9054,9054
9238,uzb,Uzbekistan,2005,43949,582,0,44531,0,44531,8322,1465,9787,9787
9239,uzb,Uzbekistan,2006,1415,0,0,1415,0,1415,9095,2151,11246,11246
9240,uzb,Uzbekistan,2007,1052,0,0,1052,0,1052,5658,1835,7493,7493
9241,uzb,Uzbekistan,2008,819,0,0,819,0,819,6297,1838,8135,8135
9242,uzb,Uzbekistan,2009,556,0,0,556,0,556,6662,1576,8238,8238
9243,uzb,Uzbekistan,2010,309,0,0,309,0,309,8841,1612,10453,10453
9244,uzb,Uzbekistan,2011,216,0,0,216,0,216,12667,1503,14170,14170
9245,uzb,Uzbekistan,2012,178,0,0,178,0,178,11593,1429,13022,13022
9246,uzb,Uzbekistan,2013,143,0,0,143,0,143,4953,1776,6729,6729
9247,uzb,Uzbekistan,2014,123,0,0,123,0,123,4790,1975,6770,6770
9248,uzb,Uzbekistan,2015,106,0,0,106,0,106,4197,2659,6856,6856
9249,uzb,Uzbekistan,2016,26,0,0,26,0,26,3824,3087,6911,6911
9250,uzb,Uzbekistan,2017,20,0,0,20,0,20,3405,3541,6946,6946
9251,uzb,Uzbekistan,2018,13,0,0,13,0,13,3276,4606,7882,7882
9252,uzb,Uzbekistan,2019,13,0,0,13,0,13,3217,5002,8219,8219
9253,uzb,Uzbekistan,2020,13,0,0,13,0,13,3112,5171,8283,8283
9254,uzb,Uzbekistan,2021,13032,0,0,13032,0,13032,3014,4946,7960,7960
9255,uzb,Uzbekistan,2022,13026,0,0,13026,0,13026,4347,8720,13067,13067
9256,uzb,Uzbekistan,2023,9405,0,0,9405,0,9405,4440,17459,21904,21904
9257,uzb,Uzbekistan,2024,8505,0,0,8505,0,8505,5152,22765,27922,27922
9258,vut,Vanuatu,2008,5,0,0,5,0,5,0,0,0,0
9259,vut,Vanuatu,2009,5,0,0,5,0,5,0,0,0,0
9260,vut,Vanuatu,2010,5,0,0,5,0,5,0,0,0,0
9261,vut,Vanuatu,2011,0,0,0,0,0,0,0,0,0,0
9262,vut,Vanuatu,2012,0,0,0,0,0,0,0,0,0,0
9263,vut,Vanuatu,2013,0,0,0,0,0,0,0,0,0,0
9264,vut,Vanuatu,2014,0,0,0,0,0,0,0,0,0,0
9265,vut,Vanuatu,2015,0,0,0,0,0,0,0,0,0,0
9266,vut,Vanuatu,2016,0,0,0,0,0,0,0,0,0,0
9267,vut,Vanuatu,2017,0,0,0,0,0,0,0,14,14,14
9268,vut,Vanuatu,2018,0,0,0,0,0,0,0,52,52,52
9269,vut,Vanuatu,2019,0,0,0,0,0,0,0,75,75,75
9270,vut,Vanuatu,2020,0,0,0,0,0,0,0,158,158,158
9271,vut,Vanuatu,2021,0,5,0,5,0,5,0,172,172,172
9272,vut,Vanuatu,2022,0,0,0,0,0,0,5,705,710,710
9273,vut,Vanuatu,2023,0,5,0,5,0,5,5,725,730,730
9274,vut,Vanuatu,2024,0,0,0,0,0,0,5,1151,1156,1156
9275,ven,Venezuela,1969,15000,0,0,15000,0,15000,0,0,0,0
9276,ven,Venezuela,1970,15000,0,0,15000,0,15000,0,0,0,0
9277,ven,Venezuela,1971,15000,0,0,15000,0,15000,0,0,0,0
9278,ven,Venezuela,1972,14700,0,0,14700,0,14700,0,0,0,0
9279,ven,Venezuela,1973,15400,0,0,15400,0,15400,0,0,0,0
9280,ven,Venezuela,1974,14350,0,0,14350,0,14350,0,0,0,0
9281,ven,Venezuela,1975,0,0,0,0,0,0,0,0,0,0
9282,ven,Venezuela,1976,0,0,0,0,0,0,0,0,0,0
9283,ven,Venezuela,1977,16000,0,0,16000,0,16000,0,0,0,0
9284,ven,Venezuela,1978,16000,0,0,16000,0,16000,0,0,0,0
9285,ven,Venezuela,1979,16000,0,0,16000,0,16000,0,0,0,0
9286,ven,Venezuela,1980,17800,0,0,17800,0,17800,0,0,0,0
9287,ven,Venezuela,1981,17000,0,0,17000,0,17000,0,0,0,0
9288,ven,Venezuela,1982,850,0,0,850,0,850,0,0,0,0
9289,ven,Venezuela,1983,1100,0,0,1100,0,1100,0,0,0,0
9290,ven,Venezuela,1984,1420,0,0,1420,0,1420,0,0,0,0
9291,ven,Venezuela,1985,1890,0,0,1890,0,1890,0,0,0,0
9292,ven,Venezuela,1986,1800,0,0,1800,0,1800,0,0,0,0
9293,ven,Venezuela,1987,1900,0,0,1900,0,1900,0,0,0,0
9294,ven,Venezuela,1988,2007,0,0,2007,0,2007,0,0,0,0
9295,ven,Venezuela,1989,2118,0,0,2118,0,2118,0,0,0,0
9296,ven,Venezuela,1990,1750,0,0,1750,0,1750,0,0,0,0
9297,ven,Venezuela,1991,1720,0,0,1720,0,1720,0,0,0,0
9298,ven,Venezuela,1992,1990,0,0,1990,0,1990,5,0,5,5
9299,ven,Venezuela,1993,2225,0,0,2225,0,2225,135,0,135,135
9300,ven,Venezuela,1994,2172,0,0,2172,0,2172,370,0,370,370
9301,ven,Venezuela,1995,1612,0,0,1612,0,1612,478,0,478,478
9302,ven,Venezuela,1996,1591,0,0,1591,0,1591,558,0,558,558
9303,ven,Venezuela,1997,290,0,0,290,0,290,606,0,606,606
9304,ven,Venezuela,1998,157,0,0,157,0,157,568,0,568,568
9305,ven,Venezuela,1999,186,0,0,186,0,186,554,0,554,554
9306,ven,Venezuela,2000,130,72,0,202,0,202,469,172,641,641
9307,ven,Venezuela,2001,62,303,0,365,0,365,464,334,798,798
9308,ven,Venezuela,2002,62,1008,50000,51070,0,51070,525,779,1304,1304
9309,ven,Venezuela,2003,62,2282,26192,28536,0,28536,598,2016,2614,2614
9310,ven,Venezuela,2004,245,3897,26350,30492,0,30492,1251,2682,3933,3933
9311,ven,Venezuela,2005,409,5906,200000,206315,0,206315,2581,2816,5397,5397
9312,ven,Venezuela,2006,716,7750,200000,208466,0,208466,3821,2367,6188,6188
9313,ven,Venezuela,2007,200904,9588,0,210492,0,210492,5089,1751,6840,6840
9314,ven,Venezuela,2008,201160,11928,0,213088,0,213088,5801,1518,7319,7319
9315,ven,Venezuela,2009,201310,14357,0,215667,0,215667,6216,1571,7787,7787
9316,ven,Venezuela,2010,201544,15844,0,217388,0,217388,6697,626,7323,7323
9317,ven,Venezuela,2011,202013,17356,0,219369,0,219369,7575,570,8145,8145
9318,ven,Venezuela,2012,203635,900,0,204535,0,204535,8204,496,8700,8700
9319,ven,Venezuela,2013,204331,1057,0,205388,0,205388,8396,1154,9550,9550
9320,ven,Venezuela,2014,173591,410,0,174001,0,174001,8009,4822,12831,12831
9321,ven,Venezuela,2015,173745,217,0,173962,0,173962,7455,15087,22542,22542
9322,ven,Venezuela,2016,172047,900,0,172947,0,172947,7543,45074,52617,52617
9323,ven,Venezuela,2017,122804,904,0,123708,0,123708,9272,148096,502953,502953
9324,ven,Venezuela,2018,67283,142,0,67425,0,67425,21047,464223,485270,485270
9325,ven,Venezuela,2019,67749,49,494503,562301,0,562301,93239,794491,1382233,1382233
9326,ven,Venezuela,2020,68089,284,1112517,1180890,0,1180890,171112,851265,2134894,2134894
9327,ven,Venezuela,2021,39328,516,1389980,1429824,0,1429824,199202,971106,2560288,2560288
9328,ven,Venezuela,2022,29341,1045,3206577,3236963,0,3236963,230393,1137162,4755662,4755662
9329,ven,Venezuela,2023,29336,1578,3206577,3237491,0,3237491,347695,1200130,4841126,4841126
9330,ven,Venezuela,2024,19333,1578,590346,611257,0,611257,370169,1360041,2541080,2541080
9331,vnm,Vietnam,1964,0,0,0,0,0,0,10000,0,10000,10000
9332,vnm,Vietnam,1965,0,0,0,0,0,0,15000,0,15000,15000
9333,vnm,Vietnam,1966,0,0,0,0,0,0,17000,0,17000,17000
9334,vnm,Vietnam,1967,0,0,0,0,0,0,20000,0,20000,20000
9335,vnm,Vietnam,1968,0,0,0,0,0,0,22000,0,22000,22000
9336,vnm,Vietnam,1969,0,0,0,0,0,0,22000,0,22000,22000
9337,vnm,Vietnam,1970,0,0,0,0,0,0,20000,0,20000,20000
9338,vnm,Vietnam,1971,57000,0,0,57000,0,57000,0,0,0,0
9339,vnm,Vietnam,1972,55000,0,0,55000,0,55000,0,0,0,0
9340,vnm,Vietnam,1973,35000,0,0,35000,0,35000,0,0,0,0
9341,vnm,Vietnam,1974,0,0,0,0,0,0,0,0,0,0
9342,vnm,Vietnam,1975,0,0,0,0,0,0,2110,0,2110,2110
9343,vnm,Vietnam,1976,0,0,0,0,0,0,4000,0,4000,4000
9344,vnm,Vietnam,1977,60000,0,0,60000,0,60000,14380,0,14380,14380
9345,vnm,Vietnam,1978,150000,0,0,150000,0,150000,124210,0,124210,124210
9346,vnm,Vietnam,1979,35000,0,0,35000,0,35000,397290,0,397290,397290
9347,vnm,Vietnam,1980,33000,0,0,33000,0,33000,346928,0,346928,346928
9348,vnm,Vietnam,1981,30000,0,0,30000,0,30000,312548,0,312548,312548
9349,vnm,Vietnam,1982,25960,0,0,25960,0,25960,325343,0,325343,325343
9350,vnm,Vietnam,1983,21070,0,0,21070,0,21070,328399,0,328399,328399
9351,vnm,Vietnam,1984,21000,0,0,21000,0,21000,328095,0,328095,328095
9352,vnm,Vietnam,1985,25000,0,0,25000,0,25000,326617,0,326617,326617
9353,vnm,Vietnam,1986,27200,0,0,27200,0,27200,326668,0,326668,326668
9354,vnm,Vietnam,1987,25000,0,0,25000,0,25000,325717,0,325717,325717
9355,vnm,Vietnam,1988,27000,0,0,27000,0,27000,440379,0,440379,440379
9356,vnm,Vietnam,1989,23060,0,0,23060,0,23060,456936,0,456936,456936
9357,vnm,Vietnam,1990,21150,0,0,21150,0,21150,496029,0,496029,496029
9358,vnm,Vietnam,1991,20148,0,0,20148,0,20148,498323,0,498323,498323
9359,vnm,Vietnam,1992,16263,0,0,16263,0,16263,517111,0,517111,517111
9360,vnm,Vietnam,1993,5084,0,0,5084,0,5084,527625,0,527625,527625
9361,vnm,Vietnam,1994,5000,0,0,5000,0,5000,539095,0,539095,539095
9362,vnm,Vietnam,1995,34400,0,0,34400,0,34400,543536,0,543536,543536
9363,vnm,Vietnam,1996,34400,0,0,34400,0,34400,518335,0,518335,518335
9364,vnm,Vietnam,1997,15000,0,0,15000,0,15000,476795,0,476795,476795
9365,vnm,Vietnam,1998,15000,0,0,15000,0,15000,435437,0,435482,435482
9366,vnm,Vietnam,1999,15000,0,0,15000,0,15000,405378,0,405416,405416
9367,vnm,Vietnam,2000,15945,0,0,15945,0,15945,370753,1525,372315,372315
9368,vnm,Vietnam,2001,15945,0,0,15945,0,15945,353211,3471,358718,358718
9369,vnm,Vietnam,2002,15945,0,0,15945,0,15945,373732,2092,377778,377778
9370,vnm,Vietnam,2003,15360,0,0,15360,0,15360,363170,1247,366108,366108
9371,vnm,Vietnam,2004,2360,0,0,2360,0,2360,349793,1075,352697,352697
9372,vnm,Vietnam,2005,2357,0,0,2357,0,2357,358268,1699,360764,360764
9373,vnm,Vietnam,2006,2357,0,0,2357,0,2357,374278,1762,376516,376516
9374,vnm,Vietnam,2007,2357,0,0,2357,0,2357,327770,1775,329710,329710
9375,vnm,Vietnam,2008,2357,0,0,2357,0,2357,328175,1706,329968,329968
9376,vnm,Vietnam,2009,2357,0,0,2357,0,2357,339299,1191,340558,340558
9377,vnm,Vietnam,2010,1928,0,0,1928,0,1928,338707,1123,339898,339898
9378,vnm,Vietnam,2011,990,0,0,990,0,990,337828,1304,339200,339200
9379,vnm,Vietnam,2012,0,0,0,0,0,0,336936,1394,338398,338398
9380,vnm,Vietnam,2013,0,0,0,0,0,0,314109,1999,316176,316176
9381,vnm,Vietnam,2014,0,0,0,0,0,0,313420,3132,316620,316620
9382,vnm,Vietnam,2015,0,0,0,0,0,0,313152,4373,317790,317790
9383,vnm,Vietnam,2016,0,0,0,0,0,0,329341,4538,333947,333947
9384,vnm,Vietnam,2017,0,0,0,0,0,0,334064,7115,341247,341247
9385,vnm,Vietnam,2018,0,0,0,0,0,0,334464,5571,340103,340103
9386,vnm,Vietnam,2019,0,0,0,0,0,0,316441,8095,324604,324604
9387,vnm,Vietnam,2020,0,0,0,0,0,0,316728,9440,326236,326236
9388,vnm,Vietnam,2021,0,0,0,0,0,0,317737,10345,328150,328150
9389,vnm,Vietnam,2022,0,0,0,0,0,0,17507,10627,28202,28202
9390,vnm,Vietnam,2023,19,0,0,19,0,19,18339,13179,31586,31586
9391,vnm,Vietnam,2024,19,0,0,19,0,19,19961,22594,42623,42623
9392,esh,Western Sahara,1975,0,0,0,0,0,0,20000,0,20000,20000
9393,esh,Western Sahara,1976,0,0,0,0,0,0,35000,0,35000,35000
9394,esh,Western Sahara,1977,0,0,0,0,0,0,50000,0,50000,50000
9395,esh,Western Sahara,1978,0,0,0,0,0,0,50000,0,50000,50000
9396,esh,Western Sahara,1979,0,0,0,0,0,0,50000,0,50000,50000
9397,esh,Western Sahara,1980,0,0,0,0,0,0,50000,0,50000,50000
9398,esh,Western Sahara,1981,0,0,0,0,0,0,165000,0,165000,165000
9399,esh,Western Sahara,1982,0,0,0,0,0,0,165000,0,165000,165000
9400,esh,Western Sahara,1983,0,0,0,0,0,0,165000,0,165000,165000
9401,esh,Western Sahara,1984,0,0,0,0,0,0,165000,0,165000,165000
9402,esh,Western Sahara,1985,0,0,0,0,0,0,165000,0,165000,165000
9403,esh,Western Sahara,1986,0,0,0,0,0,0,165000,0,165000,165000
9404,esh,Western Sahara,1987,0,0,0,0,0,0,165000,0,165000,165000
9405,esh,Western Sahara,1988,0,0,0,0,0,0,165000,0,165000,165000
9406,esh,Western Sahara,1989,0,0,0,0,0,0,167190,0,167190,167190
9407,esh,Western Sahara,1990,0,0,0,0,0,0,165000,0,165000,165000
9408,esh,Western Sahara,1991,0,0,0,0,0,0,165000,0,165000,165000
9409,esh,Western Sahara,1992,0,0,0,0,0,0,165000,0,165000,165000
9410,esh,Western Sahara,1993,0,0,0,0,0,0,165000,0,165000,165000
9411,esh,Western Sahara,1994,0,0,0,0,0,0,166493,0,166493,166493
9412,esh,Western Sahara,1995,0,0,0,0,0,0,165000,0,165000,165000
9413,esh,Western Sahara,1996,0,0,0,0,0,0,166328,0,166328,166328
9414,esh,Western Sahara,1997,0,0,0,0,0,0,166099,0,166099,166099
9415,esh,Western Sahara,1998,0,0,0,0,0,0,165968,0,165968,165968
9416,esh,Western Sahara,1999,0,0,0,0,0,0,165868,0,192284,192284
9417,esh,Western Sahara,2000,0,0,0,0,0,0,165808,0,191808,191808
9418,esh,Western Sahara,2001,0,0,0,0,0,0,165908,5,191913,191913
9419,esh,Western Sahara,2002,0,0,0,0,0,0,165884,5,191889,191889
9420,esh,Western Sahara,2003,0,0,0,0,0,0,165729,19,191748,191748
9421,esh,Western Sahara,2004,0,0,0,0,0,0,165728,13,191741,191741
9422,esh,Western Sahara,2005,0,0,0,0,0,0,90650,20,116670,116670
9423,esh,Western Sahara,2006,0,0,0,0,0,0,90611,24,116635,116635
9424,esh,Western Sahara,2007,0,0,0,0,0,0,116594,23,116617,116617
9425,esh,Western Sahara,2008,0,0,0,0,0,0,116528,28,116556,116556
9426,esh,Western Sahara,2009,0,0,0,0,0,0,116469,20,116489,116489
9427,esh,Western Sahara,2010,0,0,0,0,0,0,116411,24,116435,116435
9428,esh,Western Sahara,2011,0,0,0,0,0,0,116414,5,116419,116419
9429,esh,Western Sahara,2012,0,0,0,0,0,0,116451,128,116579,116579
9430,esh,Western Sahara,2013,0,0,0,0,0,0,116500,404,116904,116904
9431,esh,Western Sahara,2014,0,0,0,0,0,0,116478,1176,117654,117654
9432,esh,Western Sahara,2015,0,0,0,0,0,0,116542,1438,117980,117980
9433,esh,Western Sahara,2016,0,0,0,0,0,0,116648,1993,118641,118641
9434,esh,Western Sahara,2017,0,0,0,0,0,0,116762,1843,118605,118605
9435,esh,Western Sahara,2018,0,0,0,0,0,0,116790,1803,118593,118593
9436,esh,Western Sahara,2019,0,0,0,0,0,0,116908,955,117868,117868
9437,esh,Western Sahara,2020,0,0,0,0,0,0,116925,1038,117968,117968
9438,esh,Western Sahara,2021,0,0,0,0,0,0,117041,689,117735,117735
9439,esh,Western Sahara,2022,0,0,0,0,0,0,91026,750,91776,91776
9440,esh,Western Sahara,2023,0,0,0,0,0,0,90974,827,91801,91801
9441,esh,Western Sahara,2024,0,0,0,0,0,0,174578,867,175445,175445
9442,yem,Yemen,1977,50,0,0,50,0,50,0,0,0,0
9443,yem,Yemen,1978,15050,0,0,15050,0,15050,15000,0,15000,15000
9444,yem,Yemen,1979,15360,0,0,15360,0,15360,15000,0,15000,15000
9445,yem,Yemen,1980,15550,0,0,15550,0,15550,15000,0,15000,15000
9446,yem,Yemen,1981,1030,0,0,1030,0,1030,0,0,0,0
9447,yem,Yemen,1982,1400,0,0,1400,0,1400,0,0,0,0
9448,yem,Yemen,1983,3680,0,0,3680,0,3680,0,0,0,0
9449,yem,Yemen,1984,4280,0,0,4280,0,4280,0,0,0,0
9450,yem,Yemen,1985,5000,0,0,5000,0,5000,0,0,0,0
9451,yem,Yemen,1986,105000,0,0,105000,0,105000,100000,0,100000,100000
9452,yem,Yemen,1987,73000,0,0,73000,0,73000,70000,0,70000,70000
9453,yem,Yemen,1988,78157,0,0,78157,0,78157,77000,0,77000,77000
9454,yem,Yemen,1989,80130,0,0,80130,0,80130,77000,0,77000,77000
9455,yem,Yemen,1990,2938,0,0,2938,0,2938,5,0,5,5
9456,yem,Yemen,1991,29977,0,0,29977,0,29977,74,0,74,74
9457,yem,Yemen,1992,59680,0,0,59680,0,59680,31,0,31,31
9458,yem,Yemen,1993,54450,0,0,54450,0,54450,37,0,37,37
9459,yem,Yemen,1994,48305,0,0,48305,0,48305,151,0,151,151
9460,yem,Yemen,1995,53453,0,0,53453,0,53453,366,0,366,366
9461,yem,Yemen,1996,53546,0,0,53546,0,53546,1154,0,1154,1154
9462,yem,Yemen,1997,40965,0,60000,100965,0,100965,1721,0,1721,1721
9463,yem,Yemen,1998,61380,0,29818,91198,0,91198,1928,0,1928,1928
9464,yem,Yemen,1999,60477,0,9000,69477,0,69477,2021,0,2021,2021
9465,yem,Yemen,2000,60543,1406,0,61949,0,61949,2104,848,2952,2952
9466,yem,Yemen,2001,69462,2359,0,71821,0,71821,1976,743,2719,2719
9467,yem,Yemen,2002,82795,2091,0,84886,0,84886,1595,633,2228,2228
9468,yem,Yemen,2003,61876,616,0,62492,0,62492,1588,474,2062,2062
9469,yem,Yemen,2004,66379,1272,0,67651,0,67651,1599,338,1937,1937
9470,yem,Yemen,2005,81932,797,0,82729,0,82729,1322,411,1733,1733
9471,yem,Yemen,2006,95791,861,0,96652,0,96652,1364,351,1715,1715
9472,yem,Yemen,2007,117358,713,0,118071,77000,195071,1621,306,1927,78927
9473,yem,Yemen,2008,140166,826,0,140992,100000,240992,1764,464,2228,102228
9474,yem,Yemen,2009,170850,1356,0,172206,250000,422206,1927,602,2529,252529
9475,yem,Yemen,2010,190088,2547,0,192635,220994,413629,2070,614,2684,223678
9476,yem,Yemen,2011,214736,5870,0,220606,347295,567901,2321,1152,3473,350768
9477,yem,Yemen,2012,237176,6474,0,243650,385320,628970,2582,1581,4163,389483
9478,yem,Yemen,2013,241281,8190,0,249471,306614,556085,2413,1868,4287,310901
9479,yem,Yemen,2014,257637,8667,0,266304,334093,600397,2623,2716,5352,339445
9480,yem,Yemen,2015,267163,9857,16,277036,2532032,2809068,15901,10056,25969,2558001
9481,yem,Yemen,2016,269778,9088,10,278876,2025060,2303936,18427,15870,34302,2059362
9482,yem,Yemen,2017,270913,9763,15,280691,2014062,2294753,23555,24629,48194,2062256
9483,yem,Yemen,2018,264359,8805,10,273174,2144719,2417893,31145,35876,67021,2211740
9484,yem,Yemen,2019,268503,10669,15,279187,3625716,3904903,36522,34328,70899,3696615
9485,yem,Yemen,2020,166906,10693,15,177614,4002012,4179626,32433,34870,67331,4069343
9486,yem,Yemen,2021,89467,12593,15,102075,4288739,4390814,37615,35462,73100,4361839
9487,yem,Yemen,2022,77458,13225,15,90698,4523022,4613720,40147,33524,73699,4596721
9488,yem,Yemen,2023,55568,15259,15,70842,4516341,4587183,48044,33521,81589,4597930
9489,yem,Yemen,2024,46827,14094,15,60936,4795983,4856919,51384,32810,84215,4880198
9490,zmb,Zambia,1965,5000,0,0,5000,0,5000,0,0,0,0
9491,zmb,Zambia,1966,6290,0,0,6290,0,6290,0,0,0,0
9492,zmb,Zambia,1967,10710,0,0,10710,0,10710,0,0,0,0
9493,zmb,Zambia,1968,13190,0,0,13190,0,13190,15000,0,15000,15000
9494,zmb,Zambia,1969,12640,0,0,12640,0,12640,13000,0,13000,13000
9495,zmb,Zambia,1970,16000,0,0,16000,0,16000,9000,0,9000,9000
9496,zmb,Zambia,1971,17000,0,0,17000,0,17000,750,0,750,750
9497,zmb,Zambia,1972,25000,0,0,25000,0,25000,750,0,750,750
9498,zmb,Zambia,1973,37310,0,0,37310,0,37310,750,0,750,750
9499,zmb,Zambia,1974,40430,0,0,40430,0,40430,4000,0,4000,4000
9500,zmb,Zambia,1975,36050,0,0,36050,0,36050,750,0,750,750
9501,zmb,Zambia,1976,34070,0,0,34070,0,34070,750,0,750,750
9502,zmb,Zambia,1977,64900,0,0,64900,0,64900,0,0,0,0
9503,zmb,Zambia,1978,79140,0,0,79140,0,79140,0,0,0,0
9504,zmb,Zambia,1979,57790,0,0,57790,0,57790,1000,0,1000,1000
9505,zmb,Zambia,1980,36410,0,0,36410,0,36410,1210,0,1210,1210
9506,zmb,Zambia,1981,40560,0,0,40560,0,40560,1200,0,1200,1200
9507,zmb,Zambia,1982,89110,0,0,89110,0,89110,1200,0,1200,1200
9508,zmb,Zambia,1983,103000,0,0,103000,0,103000,1200,0,1200,1200
9509,zmb,Zambia,1984,96480,0,0,96480,0,96480,0,0,0,0
9510,zmb,Zambia,1985,103780,0,0,103780,0,103780,0,0,0,0
9511,zmb,Zambia,1986,138270,0,0,138270,0,138270,0,0,0,0
9512,zmb,Zambia,1987,144100,0,0,144100,0,144100,0,0,0,0
9513,zmb,Zambia,1988,143568,0,0,143568,0,143568,0,0,0,0
9514,zmb,Zambia,1989,137180,0,0,137180,0,137180,0,0,0,0
9515,zmb,Zambia,1990,138049,0,0,138049,0,138049,0,0,0,0
9516,zmb,Zambia,1991,140676,0,0,140676,0,140676,0,0,0,0
9517,zmb,Zambia,1992,142104,0,0,142104,0,142104,1990,0,1990,1990
9518,zmb,Zambia,1993,141126,0,0,141126,0,141126,1573,0,1573,1573
9519,zmb,Zambia,1994,141126,0,0,141126,0,141126,15,0,15,15
9520,zmb,Zambia,1995,129965,0,0,129965,0,129965,22,0,22,22
9521,zmb,Zambia,1996,131139,0,0,131139,0,131139,39,0,39,39
9522,zmb,Zambia,1997,165072,0,0,165072,0,165072,62,0,62,62
9523,zmb,Zambia,1998,168564,0,0,168564,0,168564,75,0,75,75
9524,zmb,Zambia,1999,206386,0,0,206386,0,206386,86,0,86,86
9525,zmb,Zambia,2000,250940,261,0,251201,0,251201,91,117,208,208
9526,zmb,Zambia,2001,284173,500,0,284673,0,284673,55,103,158,158
9527,zmb,Zambia,2002,246765,945,0,247710,0,247710,84,172,256,256
9528,zmb,Zambia,2003,226697,180,0,226877,0,226877,95,260,355,355
9529,zmb,Zambia,2004,173907,86,0,173993,0,173993,119,373,492,492
9530,zmb,Zambia,2005,155718,146,0,155864,0,155864,146,478,624,624
9531,zmb,Zambia,2006,120253,215,0,120468,0,120468,199,65,264,264
9532,zmb,Zambia,2007,112931,25,0,112956,0,112956,192,492,684,684
9533,zmb,Zambia,2008,83484,56,0,83540,0,83540,191,490,681,681
9534,zmb,Zambia,2009,56786,76,0,56862,0,56862,201,46,247,247
9535,zmb,Zambia,2010,47853,324,0,48177,0,48177,221,42,263,263
9536,zmb,Zambia,2011,45627,1018,0,46645,0,46645,234,182,416,416
9537,zmb,Zambia,2012,25647,1190,23550,50387,0,50387,240,244,484,484
9538,zmb,Zambia,2013,23584,2217,27205,53006,0,53006,230,294,524,524
9539,zmb,Zambia,2014,25566,2174,22452,50192,0,50192,309,293,602,602
9540,zmb,Zambia,2015,26434,2408,23321,52163,0,52163,334,427,761,761
9541,zmb,Zambia,2016,29338,3318,24540,57196,0,57196,256,294,550,550
9542,zmb,Zambia,2017,41266,4675,22394,68335,0,68335,260,164,429,429
9543,zmb,Zambia,2018,49877,3300,22842,76019,0,76019,266,254,520,520
9544,zmb,Zambia,2019,57518,5067,23275,85860,0,85860,259,459,723,723
9545,zmb,Zambia,2020,66070,4293,24203,94566,0,94566,252,475,732,732
9546,zmb,Zambia,2021,75154,4394,24862,104410,0,104410,255,489,749,749
9547,zmb,Zambia,2022,61159,2774,17157,81090,0,81090,296,471,772,772
9548,zmb,Zambia,2023,72411,5549,17550,95510,0,95510,324,628,957,957
9549,zmb,Zambia,2024,79275,9643,17837,106755,0,106755,337,983,1325,1325
9550,zwe,Zimbabwe,1975,0,0,0,0,0,0,14720,0,14720,14720
9551,zwe,Zimbabwe,1976,0,0,0,0,0,0,31220,0,31220,31220
9552,zwe,Zimbabwe,1977,0,0,0,0,0,0,76520,0,76520,76520
9553,zwe,Zimbabwe,1978,0,0,0,0,0,0,163160,0,163160,163160
9554,zwe,Zimbabwe,1979,0,0,0,0,0,0,197640,0,197640,197640
9555,zwe,Zimbabwe,1980,50,0,0,50,0,50,160,0,160,160
9556,zwe,Zimbabwe,1981,5100,0,0,5100,0,5100,190,0,190,190
9557,zwe,Zimbabwe,1982,20200,0,0,20200,0,20200,0,0,0,0
9558,zwe,Zimbabwe,1983,50390,0,0,50390,0,50390,3200,0,3200,3200
9559,zwe,Zimbabwe,1984,50500,0,0,50500,0,50500,3760,0,3760,3760
9560,zwe,Zimbabwe,1985,62800,0,0,62800,0,62800,4250,0,4250,4250
9561,zwe,Zimbabwe,1986,65180,0,0,65180,0,65180,3230,0,3230,3230
9562,zwe,Zimbabwe,1987,123610,0,0,123610,0,123610,3830,0,3830,3830
9563,zwe,Zimbabwe,1988,174483,0,0,174483,0,174483,629,0,629,629
9564,zwe,Zimbabwe,1989,175350,0,0,175350,0,175350,5,0,5,5
9565,zwe,Zimbabwe,1990,190950,0,0,190950,0,190950,5,0,5,5
9566,zwe,Zimbabwe,1991,197627,0,0,197627,0,197627,128,0,128,128
9567,zwe,Zimbabwe,1992,237713,0,0,237713,0,237713,8,0,8,8
9568,zwe,Zimbabwe,1993,100476,0,0,100476,0,100476,14,0,14,14
9569,zwe,Zimbabwe,1994,2194,0,0,2194,0,2194,38,0,38,38
9570,zwe,Zimbabwe,1995,515,0,0,515,0,515,37,0,37,37
9571,zwe,Zimbabwe,1996,594,0,0,594,0,594,36,0,36,36
9572,zwe,Zimbabwe,1997,800,0,0,800,0,800,37,0,37,37
9573,zwe,Zimbabwe,1998,1656,0,0,1656,0,1656,40,0,40,40
9574,zwe,Zimbabwe,1999,2071,0,0,2071,0,2071,40,0,40,40
9575,zwe,Zimbabwe,2000,4127,62,0,4189,0,4189,109,204,313,313
9576,zwe,Zimbabwe,2001,8708,766,0,9474,0,9474,257,2694,2951,2951
9577,zwe,Zimbabwe,2002,9433,540,0,9973,0,9973,4024,1158,5182,5182
9578,zwe,Zimbabwe,2003,12721,553,0,13274,0,13274,7154,3471,10625,10625
9579,zwe,Zimbabwe,2004,6875,0,0,6875,0,6875,9557,9398,18955,18955
9580,zwe,Zimbabwe,2005,13850,118,0,13968,0,13968,11246,17330,28576,28576
9581,zwe,Zimbabwe,2006,3519,296,0,3815,0,3815,12774,1207,13981,13981
9582,zwe,Zimbabwe,2007,3984,546,0,4530,0,4530,14366,34318,48684,48684
9583,zwe,Zimbabwe,2008,3465,525,0,3990,0,3990,16824,34776,51600,51600
9584,zwe,Zimbabwe,2009,3991,629,0,4620,0,4620,22441,1394,23835,23835
9585,zwe,Zimbabwe,2010,4432,414,0,4846,0,4846,24080,1001,25081,25081
9586,zwe,Zimbabwe,2011,4559,774,40,5373,54278,59651,25033,36685,61758,116036
9587,zwe,Zimbabwe,2012,4354,432,22,4808,57926,62734,22082,41723,63827,121753
9588,zwe,Zimbabwe,2013,6387,479,97,6963,60139,67102,19719,41822,61638,121777
9589,zwe,Zimbabwe,2014,6076,642,2450,9168,0,9168,22478,42419,65013,65013
9590,zwe,Zimbabwe,2015,6943,257,3375,10575,0,10575,21332,57376,78843,78843
9591,zwe,Zimbabwe,2016,7423,948,1671,10042,0,10042,18141,43191,61493,61493
9592,zwe,Zimbabwe,2017,7566,8392,2859,18817,0,18817,17420,21760,39349,39349
9593,zwe,Zimbabwe,2018,7795,10207,853,18855,0,18855,15618,17121,32849,32849
9594,zwe,Zimbabwe,2019,8956,11532,957,21445,270000,291445,10045,16177,26343,296343
9595,zwe,Zimbabwe,2020,9261,11929,967,22157,0,22157,8575,14614,23321,23321
9596,zwe,Zimbabwe,2021,9483,11951,907,22341,0,22341,8115,13513,21765,21765
9597,zwe,Zimbabwe,2022,10475,11670,918,23063,0,23063,7017,7478,14664,14664
9598,zwe,Zimbabwe,2023,10114,12451,1003,23568,0,23568,7460,9125,16755,16755
9599,zwe,Zimbabwe,2024,9240,13192,994,23426,0,23426,8002,10349,18514,18514
